10  -3.44756e-012  10
10  -3.45033e-012  10
10  -3.45346e-012  10
10  -3.45696e-012  10
10  -3.46082e-012  10
10  -3.46505e-012  10
10  -3.46965e-012  10
10  -3.47461e-012  10
10  -3.47996e-012  10
10  -3.48568e-012  10
10  -3.49179e-012  10
10  -3.49829e-012  10
10  -3.50517e-012  10
10  -3.51246e-012  10
10  -3.52014e-012  10
10  -3.52824e-012  10
10  -3.53675e-012  10
10  -3.54568e-012  10
10  -3.55503e-012  10
10  -3.56482e-012  10
10  -3.57506e-012  10
10  -3.58574e-012  10
10  -3.59689e-012  10
10  -3.60851e-012  10
10  -3.6206e-012  10
10  -3.63319e-012  10
10  -3.64628e-012  10
10  -3.65988e-012  10
10  -3.67399e-012  10
10  -3.68864e-012  10
10  -3.70384e-012  10
10  -3.7196e-012  10
10  -3.73593e-012  10
10  -3.75285e-012  10
10  -3.77039e-012  10
10  -3.78854e-012  10
10  -3.80733e-012  10
10  -3.82678e-012  10
10  -3.8469e-012  10
10  -3.86772e-012  10
10  -3.88926e-012  10
10  -3.91154e-012  10
10  -3.93459e-012  10
10  -3.95842e-012  10
10  -3.98306e-012  10
10  -4.00855e-012  10
10  -4.03491e-012  10
10  -4.06217e-012  10
10  -4.09039e-012  10
10  -4.11955e-012  10
10  -4.1497e-012  10
10  -4.18089e-012  10
10  -4.21315e-012  10
10  -4.24653e-012  10
10  -4.28107e-012  10
10  -4.31681e-012  10
10  -4.3538e-012  10
10  -4.3921e-012  10
10  -4.43175e-012  10
10  -4.47281e-012  10
10  -4.51533e-012  10
10  -4.55938e-012  10
10  -4.60503e-012  10
10  -4.65234e-012  10
10  -4.70139e-012  10
10  -4.75225e-012  10
10  -4.80501e-012  10
10  -4.85975e-012  10
10  -4.91656e-012  10
10  -4.97554e-012  10
10  -5.03678e-012  10
10  -5.1004e-012  10
10  -5.1665e-012  10
10  -5.23522e-012  10
10  -5.30667e-012  10
10  -5.38099e-012  10
10  -5.45833e-012  10
10  -5.53884e-012  10
10  -5.62267e-012  10
10  -5.71001e-012  10
10  -5.80103e-012  10
10  -5.89594e-012  10
10  -5.99492e-012  10
10  -6.09822e-012  10
10  -6.20605e-012  10
10  -6.31867e-012  10
10  -6.43635e-012  10
10  -6.55936e-012  10
10  -6.68802e-012  10
10  -6.82264e-012  10
10  -6.96357e-012  10
10  -7.11117e-012  10
10  -7.26585e-012  10
10  -7.42802e-012  10
10  -7.59812e-012  10
10  -7.77662e-012  10
10  -7.96409e-012  10
10  -8.16106e-012  10
10  -8.36811e-012  10
10  -8.58589e-012  10
10  -8.81509e-012  10
10  -9.05643e-012  10
10  -9.31071e-012  10
10  -9.57879e-012  10
10  -9.86157e-012  10
10  -1.016e-011  10
10  -1.04753e-011  10
10  -1.08084e-011  10
10  -1.11607e-011  10
10  -1.15335e-011  10
10  -1.19283e-011  10
10  -1.23465e-011  10
10  -1.279e-011  10
10  -1.32605e-011  10
10  -1.376e-011  10
10  -1.42907e-011  10
10  -1.4855e-011  10
10  -1.54553e-011  10
10  -1.60945e-011  10
10  -1.67756e-011  10
10  -1.75019e-011  10
10  -1.8277e-011  10
10  -1.91048e-011  10
10  -1.99895e-011  10
10  -2.09359e-011  10
10  -2.1949e-011  10
10  -2.30345e-011  10
10  -2.41985e-011  10
10  -2.54478e-011  10
10  -2.67898e-011  10
10  -2.82326e-011  10
10  -2.97852e-011  10
10  -3.14575e-011  10
10  -3.32604e-011  10
10  -3.52059e-011  10
10  -3.73074e-011  10
10  -3.95795e-011  10
10  -4.20387e-011  10
10  -4.4703e-011  10
10  -4.75926e-011  10
10  -5.07299e-011  10
10  -5.41398e-011  10
10  -5.78502e-011  10
10  -6.1892e-011  10
10  -6.63e-011  10
10  -7.11131e-011  10
10  -7.6375e-011  10
10  -8.21345e-011  10
10  -8.84468e-011  10
10  -9.53739e-011  10
10  -1.02986e-010  10
10  -1.11362e-010  10
10  -1.20592e-010  10
10  -1.30776e-010  10
10  -1.42032e-010  10
10  -1.5449e-010  10
10  -1.68299e-010  10
10  -1.83632e-010  10
10  -2.00683e-010  10
10  -2.19679e-010  10
10  -2.40877e-010  10
10  -2.64576e-010  10
10  -2.91119e-010  10
10  -3.20904e-010  10
10  -3.54393e-010  10
10  -3.92124e-010  10
10  -4.34723e-010  10
10  -4.82923e-010  10
10  -5.37582e-010  10
10  -5.9971e-010  10
10  -6.70498e-010  10
10  -7.51355e-010  10
10  -8.43953e-010  10
10  -9.50281e-010  10
10  -1.07272e-009  10
10  -1.21411e-009  10
10  -1.37789e-009  10
10  -1.56821e-009  10
10  -1.79008e-009  10
10  -2.04963e-009  10
10  -2.35435e-009  10
10  -2.71343e-009  10
10  -3.13824e-009  10
10  -3.64288e-009  10
10  -4.24493e-009  10
10  -4.96647e-009  10
10  -5.83532e-009  10
10  -6.88683e-009  10
10  -8.16614e-009  10
10  -9.73129e-009  10
10  -1.16575e-008  10
10  -1.40429e-008  10
10  -1.70167e-008  10
10  -2.07501e-008  10
10  -2.54725e-008  10
10  -3.14939e-008  10
10  -3.92375e-008  10
10  -4.92875e-008  10
10  -6.24596e-008  10
10  -7.99074e-008  10
10  -1.03284e-007  10
10  -1.34992e-007  10
10  -1.78581e-007  10
10  -2.39381e-007  10
10  -3.25542e-007  10
10  -4.49785e-007  10
10  -6.3239e-007  10
10  -9.06466e-007  10
10  -1.32749e-006  10
10  -1.99112e-006  10
10  -3.06746e-006  10
10  -4.86964e-006  10
10  -7.99588e-006  9.99999
10  -1.36363e-005  9.99999
10  -2.42621e-005  9.99998
10  -4.52333e-005  9.99996
10  -8.86553e-005  9.99992
10  -0.000182652  9.99985
10.0001  -0.000392289  9.99967
10.0002  -0.000855608  9.9993
10.0004  -0.00178466  9.99859
10.0009  -0.00319115  9.99766
10.0016  -0.00424136  9.99741
10.0025  -0.00381398  9.99872
10.0032  -0.00240844  10.0008
10.0035  -0.00122042  10.0023
10.0037  -0.000565539  10.0031
10.0037  -0.000260154  10.0035
10.0037  -0.000123613  10.0036
10.0037  -6.15907e-005  10.0037
10.0038  -3.22804e-005  10.0037
10.0038  -1.77594e-005  10.0037
10.0038  -1.02148e-005  10.0037
10.0038  -6.11492e-006  10.0037
10.0038  -3.79342e-006  10.0038
10.0038  -2.42907e-006  10.0038
10.0038  -1.59996e-006  10.0038
10.0038  -1.08074e-006  10.0038
10.0038  -7.46687e-007  10.0038
10.0038  -5.26465e-007  10.0038
10.0038  -3.7806e-007  10.0038
10.0038  -2.76038e-007  10.0038
10.0038  -2.0462e-007  10.0038
10.0038  -1.53794e-007  10.0038
10.0038  -1.17072e-007  10.0038
10.0038  -9.01714e-008  10.0038
10.0038  -7.0213e-008  10.0038
10.0038  -5.52317e-008  10.0038
10.0038  -4.38651e-008  10.0038
10.0038  -3.51558e-008  10.0038
10.0038  -2.84222e-008  10.0038
10.0038  -2.31736e-008  10.0038
10.0038  -1.90525e-008  10.0038
10.0038  -1.57958e-008  10.0038
10.0038  -1.32085e-008  10.0038
10.0038  -1.11445e-008  10.0038
10.0038  -9.49366e-009  10.0038
10.0038  -8.1725e-009  10.0038
10.0038  -7.11755e-009  10.0038
10.0038  -6.28046e-009  10.0038
10.0038  -5.62453e-009  10.0038
10.0038  -5.12216e-009  10.0038
10.0038  -4.75305e-009  10.0038
10.0038  -4.5029e-009  10.0038
10.0038  -4.36254e-009  10.0038
10.0038  -4.32738e-009  10.0038
10.0038  -4.39718e-009  10.0038
10.0038  -4.57609e-009  10.0038
10.0038  -4.87292e-009  10.0038
10.0038  -5.30181e-009  10.0038
10.0038  -5.88318e-009  10.0038
10.0038  -6.64518e-009  10.0038
10.0038  -7.62578e-009  10.0038
10.0038  -8.87563e-009  10.0038
10.0038  -1.04621e-008  10.0038
10.0038  -1.24748e-008  10.0038
10.0038  -1.50336e-008  10.0038
10.0038  -1.82997e-008  10.0038
10.0038  -2.24913e-008  10.0038
10.0038  -2.79066e-008  10.0038
10.0038  -3.49572e-008  10.0038
10.0038  -4.42165e-008  10.0038
10.0038  -5.64933e-008  10.0038
10.0038  -7.29417e-008  10.0038
10.0038  -9.52304e-008  10.0038
10.0038  -1.25806e-007  10.0038
10.0038  -1.68308e-007  10.0038
10.0038  -2.2824e-007  10.0038
10.0038  -3.14055e-007  10.0038
10.0038  -4.38981e-007  10.0038
10.0038  -6.24088e-007  10.0038
10.0038  -9.0359e-007  10.0038
10.0038  -1.33414e-006  10.0038
10.0038  -2.01136e-006  10.0038
10.0038  -3.09961e-006  10.0038
10.0038  -4.88568e-006  10.0038
10.0038  -7.87487e-006  10.0037
10.0038  -1.29563e-005  10.0037
10.0038  -2.16617e-005  10.0037
10.0038  -3.64781e-005  10.0037
10.0038  -6.09175e-005  10.0037
10.0038  -9.84056e-005  10.0037
10.0038  -0.000148393  10.0036
10.0038  -0.000200001  10.0036
10.0038  -0.00023116  10.0036
10.0038  -0.000223775  10.0036
10.0038  -0.00018244  10.0036
10.0038  -0.000129316  10.0037
10.0038  -8.3257e-005  10.0038
10.0038  -5.07455e-005  10.0038
10.0038  -3.0225e-005  10.0038
10.0038  -1.79702e-005  10.0038
10.0038  -1.08027e-005  10.0038
10.0038  -6.61239e-006  10.0038
10.0038  -4.13514e-006  10.0038
10.0038  -2.64493e-006  10.0038
10.0038  -1.7301e-006  10.0038
10.0038  -1.15637e-006  10.0038
10.0038  -7.88815e-007  10.0038
10.0038  -5.4845e-007  10.0038
10.0038  -3.8815e-007  10.0038
10.0038  -2.79251e-007  10.0038
10.0038  -2.03981e-007  10.0038
10.0038  -1.51109e-007  10.0038
10.0038  -1.13407e-007  10.0038
10.0038  -8.61433e-008  10.0038
10.0038  -6.61694e-008  10.0038
10.0038  -5.13574e-008  10.0038
10.0038  -4.02481e-008  10.0038
10.0038  -3.18273e-008  10.0038
10.0038  -2.5381e-008  10.0038
10.0038  -2.04003e-008  10.0038
10.0038  -1.65185e-008  10.0038
10.0038  -1.34684e-008  10.0038
10.0038  -1.10533e-008  10.0038
10.0038  -9.12718e-009  10.0038
10.0038  -7.5806e-009  10.0038
10.0038  -6.33074e-009  10.0038
10.0038  -5.31452e-009  10.0038
10.0038  -4.4835e-009  10.0038
10.0038  -3.80023e-009  10.0038
10.0038  -3.23551e-009  10.0038
10.0038  -2.76648e-009  10.0038
10.0038  -2.3751e-009  10.0038
10.0038  -2.04706e-009  10.0038
10.0038  -1.77093e-009  10.0038
10.0038  -1.53757e-009  10.0038
10.0038  -1.33958e-009  10.0038
10.0038  -1.17097e-009  10.0038
10.0038  -1.02689e-009  10.0038
10.0038  -9.03339e-010  10.0038
10.0038  -7.97054e-010  10.0038
10.0038  -7.05335e-010  10.0038
10.0038  -6.2595e-010  10.0038
10.0038  -5.57042e-010  10.0038
10.0038  -4.97064e-010  10.0038
10.0038  -4.44721e-010  10.0038
10.0038  -3.98922e-010  10.0038
10.0038  -3.58753e-010  10.0038
10.0038  -3.23437e-010  10.0038
10.0038  -2.92317e-010  10.0038
10.0038  -2.64835e-010  10.0038
10.0038  -2.40514e-010  10.0038
10.0038  -2.18946e-010  10.0038
10.0038  -1.99782e-010  10.0038
10.0038  -1.82722e-010  10.0038
10.0038  -1.67507e-010  10.0038
10.0038  -1.53913e-010  10.0038
10.0038  -1.41747e-010  10.0038
10.0038  -1.30842e-010  10.0038
10.0038  -1.2105e-010  10.0038
10.0038  -1.12245e-010  10.0038
10.0038  -1.04315e-010  10.0038
10.0038  -9.71646e-011  10.0038
10.0038  -9.07069e-011  10.0038
10.0038  -8.48676e-011  10.0038
10.0038  -7.95808e-011  10.0038
10.0038  -7.47884e-011  10.0038
10.0038  -7.04392e-011  10.0038
10.0038  -6.64878e-011  10.0038
10.0038  -6.2894e-011  10.0038
10.0038  -5.96222e-011  10.0038
10.0038  -5.66408e-011  10.0038
10.0038  -5.39214e-011  10.0038
10.0038  -5.1439e-011  10.0038
10.0038  -4.91712e-011  10.0038
10.0038  -4.70979e-011  10.0038
10.0038  -4.52011e-011  10.0038
10.0038  -4.34648e-011  10.0038
10.0038  -4.18746e-011  10.0038
10.0038  -4.04174e-011  10.0038
10.0038  -3.90817e-011  10.0038
10.0038  -3.78569e-011  10.0038
10.0038  -3.67336e-011  10.0038
10.0038  -3.57032e-011  10.0038
10.0038  -3.4758e-011  10.0038
10.0038  -3.3891e-011  10.0038
10.0038  -3.3096e-011  10.0038
10.0038  -3.23673e-011  10.0038
10.0038  -3.16995e-011  10.0038
10.0038  -3.10882e-011  10.0038
10.0038  -3.05289e-011  10.0038
10.0038  -3.00178e-011  10.0038
10.0038  -2.95514e-011  10.0038
10.0038  -2.91265e-011  10.0038
10.0038  -2.87403e-011  10.0038
10.0038  -2.839e-011  10.0038
10.0038  -2.80732e-011  10.0038
10.0038  -2.77878e-011  10.0038
10.0038  -2.75318e-011  10.0038
10.0038  -2.73034e-011  10.0038
10.0038  -2.71009e-011  10.0038
10.0038  -2.69229e-011  10.0038
10.0038  -2.67679e-011  10.0038
10.0038  -2.66349e-011  10.0038
10.0038  -2.65227e-011  10.0038
10.0038  -2.64302e-011  10.0038
10.0038  -2.63566e-011  10.0038
10.0038  -2.63012e-011  10.0038
10.0038  -2.62631e-011  10.0038
10.0038  -2.62418e-011  10.0038
10.0038  -2.62367e-011  10.0038
10.0038  -2.62474e-011  10.0038
10.0038  -2.62733e-011  10.0038
10.0038  -2.63142e-011  10.0038
10.0038  -2.63698e-011  10.0038
10.0038  -2.64398e-011  10.0038
10.0038  -2.6524e-011  10.0038
10.0038  -2.66223e-011  10.0038
10.0038  -2.67347e-011  10.0038
10.0038  -2.68611e-011  10.0038
10.0038  -2.70015e-011  10.0038
10.0038  -2.71559e-011  10.0038
10.0038  -2.73245e-011  10.0038
10.0038  -2.75074e-011  10.0038
10.0038  -2.77048e-011  10.0038
10.0038  -2.79169e-011  10.0038
10.0038  -2.81441e-011  10.0038
10.0038  -2.83865e-011  10.0038
10.0038  -2.86445e-011  10.0038
10.0038  -2.89186e-011  10.0038
10.0038  -2.92092e-011  10.0038
10.0038  -2.95167e-011  10.0038
10.0038  -2.98417e-011  10.0038
10.0038  -3.01848e-011  10.0038
10.0038  -3.05464e-011  10.0038
10.0038  -3.09274e-011  10.0038
10.0038  -3.13283e-011  10.0038
10.0038  -3.17499e-011  10.0038
10.0038  -3.21931e-011  10.0038
10.0038  -3.26586e-011  10.0038
10.0038  -3.31474e-011  10.0038
10.0038  -3.36604e-011  10.0038
10.0038  -3.41985e-011  10.0038
10.0038  -3.4763e-011  10.0038
10.0038  -3.53549e-011  10.0038
10.0038  -3.59753e-011  10.0038
10.0038  -3.66256e-011  10.0038
10.0038  -3.73071e-011  10.0038
10.0038  -3.80211e-011  10.0038
10.0038  -3.87692e-011  10.0038
10.0038  -3.95528e-011  10.0038
10.0038  -4.03737e-011  10.0038
10.0038  -4.12335e-011  10.0038
10.0038  -4.21341e-011  10.0038
10.0038  -4.30774e-011  10.0038
10.0038  -4.40654e-011  10.0038
10.0038  -4.51002e-011  10.0038
10.0038  -4.61841e-011  10.0038
10.0038  -4.73195e-011  10.0038
10.0038  -4.85088e-011  10.0038
10.0038  -4.97546e-011  10.0038
10.0038  -5.10598e-011  10.0038
10.0038  -5.24273e-011  10.0038
10.0038  -5.38601e-011  10.0038
10.0038  -5.53616e-011  10.0038
10.0038  -5.6935e-011  10.0038
10.0038  -5.85842e-011  10.0038
10.0038  -6.03128e-011  10.0038
10.0038  -6.2125e-011  10.0038
10.0038  -6.4025e-011  10.0038
10.0038  -6.60173e-011  10.0038
10.0038  -6.81068e-011  10.0038
10.0038  -7.02984e-011  10.0038
10.0038  -7.25974e-011  10.0038
10.0038  -7.50096e-011  10.0038
10.0038  -7.75409e-011  10.0038
10.0038  -8.01976e-011  10.0038
10.0038  -8.29863e-011  10.0038
10.0038  -8.59143e-011  10.0038
10.0038  -8.89889e-011  10.0038
10.0038  -9.22181e-011  10.0038
10.0038  -9.56104e-011  10.0038
10.0038  -9.91746e-011  10.0038
10.0038  -1.0292e-010  10.0038
10.0038  -1.06857e-010  10.0038
10.0038  -1.10996e-010  10.0038
10.0038  -1.15349e-010  10.0038
10.0038  -1.19926e-010  10.0038
10.0038  -1.24742e-010  10.0038
10.0038  -1.29809e-010  10.0038
10.0038  -1.35142e-010  10.0038
10.0038  -1.40757e-010  10.0038
10.0038  -1.46668e-010  10.0038
10.0038  -1.52893e-010  10.0038
10.0038  -1.59451e-010  10.0038
10.0038  -1.66361e-010  10.0038
10.0038  -1.73644e-010  10.0038
10.0038  -1.81321e-010  10.0038
10.0038  -1.89416e-010  10.0038
10.0038  -1.97953e-010  10.0038
10.0038  -2.06958e-010  10.0038
10.0038  -2.16461e-010  10.0038
10.0038  -2.2649e-010  10.0038
10.0038  -2.37077e-010  10.0038
10.0038  -2.48256e-010  10.0038
10.0038  -2.60062e-010  10.0038
10.0038  -2.72534e-010  10.0038
10.0038  -2.85712e-010  10.0038
10.0038  -2.9964e-010  10.0038
10.0038  -3.14362e-010  10.0038
10.0038  -3.29929e-010  10.0038
10.0038  -3.46091e-010  10.0038
10.0038  -3.63488e-010  10.0038
10.0038  -3.81894e-010  10.0038
10.0038  -4.01371e-010  10.0038
10.0038  -4.21985e-010  10.0038
10.0038  -4.43805e-010  10.0038
10.0038  -4.66908e-010  10.0038
10.0038  -4.91371e-010  10.0038
10.0038  -5.17279e-010  10.0038
10.0038  -5.44722e-010  10.0038
10.0038  -5.73792e-010  10.0038
10.0038  -6.04591e-010  10.0038
10.0038  -6.37224e-010  10.0038
10.0038  -6.71804e-010  10.0038
10.0038  -7.08448e-010  10.0038
10.0038  -7.47283e-010  10.0038
10.0038  -7.8844e-010  10.0038
10.0038  -8.32058e-010  10.0038
10.0038  -8.78284e-010  10.0038
10.0038  -9.27272e-010  10.0038
10.0038  -9.79185e-010  10.0038
10.0038  -1.03419e-009  10.0038
10.0038  -1.09247e-009  10.0038
10.0038  -1.15421e-009  10.0038
10.0038  -1.2196e-009  10.0038
10.0038  -1.28884e-009  10.0038
10.0038  -1.36215e-009  10.0038
10.0038  -1.43974e-009  10.0038
10.0038  -1.52184e-009  10.0038
10.0038  -1.60868e-009  10.0038
10.0038  -1.7005e-009  10.0038
10.0038  -1.79754e-009  10.0038
10.0038  -1.90005e-009  10.0038
10.0038  -2.00828e-009  10.0038
10.0038  -2.12249e-009  10.0038
10.0038  -2.24294e-009  10.0038
10.0038  -2.36988e-009  10.0038
10.0038  -2.50357e-009  10.0038
10.0038  -2.64425e-009  10.0038
10.0038  -2.79218e-009  10.0038
10.0038  -2.94758e-009  10.0038
10.0038  -3.11069e-009  10.0038
10.0038  -3.28172e-009  10.0038
10.0038  -3.46087e-009  10.0038
10.0038  -3.64831e-009  10.0038
10.0038  -3.8442e-009  10.0038
10.0038  -4.04868e-009  10.0038
10.0038  -4.26186e-009  10.0038
10.0038  -4.48381e-009  10.0038
10.0038  -4.7146e-009  10.0038
10.0038  -4.95423e-009  10.0038
10.0038  -5.2027e-009  10.0038
10.0038  -5.45996e-009  10.0038
10.0038  -5.72595e-009  10.0038
10.0038  -6.00057e-009  10.0038
10.0038  -6.2837e-009  10.0038
10.0038  -6.57519e-009  10.0038
10.0038  -6.87491e-009  10.0038
10.0038  -7.1827e-009  10.0038
10.0038  -7.49842e-009  10.0038
10.0038  -7.82196e-009  10.0038
10.0038  -8.15325e-009  10.0038
10.0038  -8.49226e-009  10.0038
10.0038  -8.83905e-009  10.0038
10.0038  -9.19379e-009  10.0038
10.0038  -9.55676e-009  10.0038
10.0038  -9.9284e-009  10.0038
10.0038  -1.03093e-008  10.0038
10.0038  -1.07004e-008  10.0038
10.0038  -1.11027e-008  10.0038
10.0038  -1.15175e-008  10.0038
10.0038  -1.19466e-008  10.0038
10.0038  -1.2392e-008  10.0038
10.0038  -1.28561e-008  10.0038
10.0038  -1.33418e-008  10.0038
10.0038  -1.38525e-008  10.0038
10.0038  -1.43919e-008  10.0038
10.0038  -1.49645e-008  10.0038
10.0038  -1.55752e-008  10.0038
10.0038  -1.62298e-008  10.0038
10.0038  -1.69346e-008  10.0038
10.0038  -1.76966e-008  10.0038
10.0038  -1.85237e-008  10.0038
10.0038  -1.94245e-008  10.0038
10.0038  -2.04087e-008  10.0038
10.0038  -2.14868e-008  10.0038
10.0038  -2.26704e-008  10.0038
10.0038  -2.39721e-008  10.0038
10.0038  -2.54057e-008  10.0038
10.0038  -2.69864e-008  10.0038
10.0038  -2.87305e-008  10.0038
10.0038  -3.06558e-008  10.0038
10.0038  -3.27817e-008  10.0038
10.0038  -3.51291e-008  10.0038
10.0038  -3.77207e-008  10.0038
10.0038  -4.05811e-008  10.0038
10.0038  -4.37365e-008  10.0038
10.0038  -4.72155e-008  10.0038
10.0038  -5.10486e-008  10.0038
10.0038  -5.52686e-008  10.0038
10.0038  -5.99105e-008  10.0038
10.0038  -6.50116e-008  10.0038
10.0038  -7.06115e-008  10.0038
10.0038  -7.67519e-008  10.0038
10.0038  -8.34767e-008  10.0038
10.0038  -9.08316e-008  10.0038
10.0038  -9.88637e-008  10.0038
10.0038  -1.07621e-007  10.0038
10.0038  -1.17152e-007  10.0038
10.0038  -1.27504e-007  10.0038
10.0038  -1.38723e-007  10.0038
10.0038  -1.50851e-007  10.0038
10.0038  -1.63925e-007  10.0038
10.0038  -1.77974e-007  10.0038
10.0038  -1.93017e-007  10.0038
10.0038  -2.0906e-007  10.0038
10.0038  -2.26093e-007  10.0038
10.0038  -2.44085e-007  10.0038
10.0038  -2.62983e-007  10.0038
10.0038  -2.82705e-007  10.0038
10.0038  -3.03142e-007  10.0038
10.0038  -3.24148e-007  10.0038
10.0038  -3.45547e-007  10.0038
10.0038  -3.67124e-007  10.0038
10.0038  -3.88633e-007  10.0038
10.0038  -4.09795e-007  10.0038
10.0038  -4.30303e-007  10.0038
10.0038  -4.49833e-007  10.0038
10.0038  -4.68047e-007  10.0038
10.0038  -4.84607e-007  10.0038
10.0038  -4.99184e-007  10.0038
10.0038  -5.11476e-007  10.0038
10.0038  -5.21213e-007  10.0038
10.0038  -5.28959e-007  10.0038
10.0038  -5.33038e-007  10.0038
10.0038  -5.34073e-007  10.0038
10.0038  -5.32032e-007  10.0038
10.0038  -5.26958e-007  10.0038
10.0038  -5.18962e-007  10.0038
10.0038  -5.0822e-007  10.0038
10.0038  -4.94963e-007  10.0038
10.0038  -4.79469e-007  10.0038
10.0038  -4.6205e-007  10.0038
10.0038  -4.43039e-007  10.0038
10.0038  -4.22778e-007  10.0038
10.0038  -4.01607e-007  10.0038
10.0038  -3.79852e-007  10.0038
10.0038  -3.5782e-007  10.0038
10.0038  -3.35787e-007  10.0038
10.0038  -3.14e-007  10.0038
10.0038  -2.9267e-007  10.0038
10.0038  -2.71973e-007  10.0038
10.0038  -2.52051e-007  10.0038
10.0038  -2.33011e-007  10.0038
10.0038  -2.14931e-007  10.0038
10.0038  -1.97863e-007  10.0038
10.0038  -1.81833e-007  10.0038
10.0038  -1.66849e-007  10.0038
10.0038  -1.529e-007  10.0038
10.0038  -1.39964e-007  10.0038
10.0038  -1.28007e-007  10.0038
10.0038  -1.16987e-007  10.0038
10.0038  -1.06859e-007  10.0038
10.0038  -9.75703e-008  10.0038
10.0038  -8.90703e-008  10.0038
10.0038  -8.13056e-008  10.0038
10.0038  -7.42238e-008  10.0038
10.0038  -6.77737e-008  10.0038
10.0038  -6.19062e-008  10.0038
10.0038  -5.65743e-008  10.0038
10.0038  -5.17337e-008  10.0038
10.0038  -4.73429e-008  10.0038
10.0038  -4.33633e-008  10.0038
10.0038  -3.9759e-008  10.0038
10.0038  -3.64973e-008  10.0038
10.0038  -3.3548e-008  10.0038
10.0038  -3.08839e-008  10.0038
10.0038  -2.84801e-008  10.0038
10.0038  -2.63146e-008  10.0038
10.0038  -2.43675e-008  10.0038
10.0038  -2.26213e-008  10.0038
10.0038  -2.10609e-008  10.0038
10.0038  -1.96732e-008  10.0038
10.0038  -1.84474e-008  10.0038
10.0038  -1.73752e-008  10.0038
10.0038  -1.64503e-008  10.0038
10.0038  -1.56691e-008  10.0038
10.0038  -1.50306e-008  10.0038
10.0038  -1.45371e-008  10.0038
10.0038  -1.41942e-008  10.0038
10.0038  -1.40122e-008  10.0038
10.0038  -1.40062e-008  10.0038
10.0038  -1.41983e-008  10.0038
10.0038  -1.46184e-008  10.0038
10.0038  -1.53073e-008  10.0038
10.0038  -1.63197e-008  10.0038
10.0038  -1.77284e-008  10.0038
10.0038  -1.9631e-008  10.0038
10.0038  -2.21578e-008  10.0038
10.0038  -2.54841e-008  10.0038
10.0038  -2.98474e-008  10.0038
10.0038  -3.55712e-008  10.0038
10.0038  -4.31001e-008  10.0038
10.0038  -5.30511e-008  10.0038
10.0038  -6.62881e-008  10.0038
10.0038  -8.40344e-008  10.0038
10.0038  -1.08041e-007  10.0038
10.0038  -1.40844e-007  10.0038
10.0038  -1.86161e-007  10.0038
10.0038  -2.49508e-007  10.0038
10.0038  -3.39179e-007  10.0038
10.0038  -4.67792e-007  10.0038
10.0038  -6.54784e-007  10.0038
10.0038  -9.30417e-007  10.0038
10.0038  -1.34223e-006  10.0038
10.0038  -1.96527e-006  10.0038
10.0038  -2.91804e-006  10.0038
10.0038  -4.38564e-006  10.0038
10.0038  -6.64996e-006  10.0038
10.0038  -1.01177e-005  10.0038
10.0038  -1.53163e-005  10.0038
10.0038  -2.27857e-005  10.0038
10.0038  -3.27539e-005  10.0038
10.0038  -4.45407e-005  10.0038
10.0038  -5.59732e-005  10.0038
10.0038  -6.36284e-005  10.0038
10.0038  -6.45385e-005  10.0038
10.0038  -5.83163e-005  10.0038
10.0038  -4.74641e-005  10.0038
10.0038  -3.55014e-005  10.0038
10.0038  -2.49796e-005  10.0038
10.0038  -1.69018e-005  10.0038
10.0038  -1.11974e-005  10.0038
10.0038  -7.36147e-006  10.0038
10.0038  -4.84748e-006  10.0038
10.0038  -3.21667e-006  10.0038
10.0038  -2.15898e-006  10.0038
10.0038  -1.46874e-006  10.0038
10.0038  -1.01375e-006  10.0038
10.0038  -7.10112e-007  10.0038
10.0038  -5.04744e-007  10.0038
10.0038  -3.63899e-007  10.0038
10.0038  -2.65957e-007  10.0038
10.0038  -1.96919e-007  10.0038
10.0038  -1.47611e-007  10.0038
10.0038  -1.1195e-007  10.0038
10.0038  -8.5847e-008  10.0038
10.0038  -6.65227e-008  10.0038
10.0038  -5.20616e-008  10.0038
10.0038  -4.11291e-008  10.0038
10.0038  -3.27844e-008  10.0038
10.0038  -2.63568e-008  10.0038
10.0038  -2.13634e-008  10.0038
10.0038  -1.74525e-008  10.0038
10.0038  -1.43661e-008  10.0038
10.0038  -1.19128e-008  10.0038
10.0038  -9.94943e-009  10.0038
10.0038  -8.36815e-009  10.0038
10.0038  -7.08698e-009  10.0038
10.0038  -6.04316e-009  10.0038
10.0038  -5.18834e-009  10.0038
10.0038  -4.48496e-009  10.0038
10.0038  -3.90372e-009  10.0038
10.0038  -3.4216e-009  10.0038
10.0038  -3.0204e-009  10.0038
10.0038  -2.68568e-009  10.0038
10.0038  -2.40592e-009  10.0038
10.0038  -2.17192e-009  10.0038
10.0038  -1.97624e-009  10.0038
10.0038  -1.81292e-009  10.0038
10.0038  -1.67714e-009  10.0038
10.0038  -1.56501e-009  10.0038
10.0038  -1.47337e-009  10.0038
10.0038  -1.39971e-009  10.0038
10.0038  -1.34202e-009  10.0038
10.0038  -1.29869e-009  10.0038
10.0038  -1.26851e-009  10.0038
10.0038  -1.25054e-009  10.0038
10.0038  -1.24415e-009  10.0038
10.0038  -1.24891e-009  10.0038
10.0038  -1.26465e-009  10.0038
10.0038  -1.29139e-009  10.0038
10.0038  -1.32935e-009  10.0038
10.0038  -1.37894e-009  10.0038
10.0038  -1.44078e-009  10.0038
10.0038  -1.51571e-009  10.0038
10.0038  -1.60477e-009  10.0038
10.0038  -1.70925e-009  10.0038
10.0038  -1.8307e-009  10.0038
10.0038  -1.97096e-009  10.0038
10.0038  -2.1322e-009  10.0038
10.0038  -2.31694e-009  10.0038
10.0038  -2.52814e-009  10.0038
10.0038  -2.7692e-009  10.0038
10.0038  -3.04406e-009  10.0038
10.0038  -3.35727e-009  10.0038
10.0038  -3.71405e-009  10.0038
10.0038  -4.1204e-009  10.0038
10.0038  -4.58322e-009  10.0038
10.0038  -5.11035e-009  10.0038
10.0038  -5.71077e-009  10.0038
10.0038  -6.39466e-009  10.0038
10.0038  -7.17358e-009  10.0038
10.0038  -8.06053e-009  10.0038
10.0038  -9.07012e-009  10.0038
10.0038  -1.02186e-008  10.0038
10.0038  -1.1524e-008  10.0038
10.0038  -1.30059e-008  10.0038
10.0038  -1.46858e-008  10.0038
10.0038  -1.65861e-008  10.0038
10.0038  -1.87308e-008  10.0038
10.0038  -2.11438e-008  10.0038
10.0038  -2.38491e-008  10.0038
10.0038  -2.68688e-008  10.0038
10.0038  -3.02224e-008  10.0038
10.0038  -3.39242e-008  10.0038
10.0038  -3.79816e-008  10.0038
10.0038  -4.23926e-008  10.0038
10.0038  -4.71424e-008  10.0038
10.0038  -5.2201e-008  10.0038
10.0038  -5.75203e-008  10.0038
10.0038  -6.30322e-008  10.0038
10.0038  -6.86468e-008  10.0038
10.0038  -7.4253e-008  10.0038
10.0038  -7.97203e-008  10.0038
10.0038  -8.4903e-008  10.0038
10.0038  -8.96465e-008  10.0038
10.0038  -9.37953e-008  10.0038
10.0038  -9.72032e-008  10.0038
10.0038  -9.97432e-008  10.0038
10.0038  -1.01318e-007  10.0038
10.0038  -1.01866e-007  10.0038
10.0038  -1.01369e-007  10.0038
10.0038  -9.98541e-008  10.0038
10.0038  -9.73872e-008  10.0038
10.0038  -9.40726e-008  10.0038
10.0038  -9.00417e-008  10.0038
10.0038  -8.54444e-008  10.0038
10.0038  -8.04384e-008  10.0038
10.0038  -7.51795e-008  10.0038
10.0038  -6.98143e-008  10.0038
10.0038  -6.44734e-008  10.0038
10.0038  -5.92687e-008  10.0038
10.0038  -5.42909e-008  10.0038
10.0038  -4.96106e-008  10.0038
10.0038  -4.52789e-008  10.0038
10.0038  -4.13308e-008  10.0038
10.0038  -3.77878e-008  10.0038
10.0038  -3.4661e-008  10.0038
10.0038  -3.19545e-008  10.0038
10.0038  -2.96686e-008  10.0038
10.0038  -2.78023e-008  10.0038
10.0038  -2.63561e-008  10.0038
10.0038  -2.53348e-008  10.0038
10.0038  -2.47496e-008  10.0038
10.0038  -2.46213e-008  10.0038
10.0038  -2.4983e-008  10.0038
10.0038  -2.58843e-008  10.0038
10.0038  -2.73958e-008  10.0038
10.0038  -2.96158e-008  10.0038
10.0038  -3.26791e-008  10.0038
10.0038  -3.67688e-008  10.0038
10.0038  -4.21334e-008  10.0038
10.0038  -4.91107e-008  10.0038
10.0038  -5.81624e-008  10.0038
10.0038  -6.99235e-008  10.0038
10.0038  -8.52763e-008  10.0038
10.0038  -1.05459e-007  10.0038
10.0038  -1.32232e-007  10.0038
10.0038  -1.68128e-007  10.0038
10.0038  -2.16844e-007  10.0038
10.0038  -2.83866e-007  10.0038
10.0038  -3.77455e-007  10.0038
10.0038  -5.10284e-007  10.0038
10.0038  -7.02138e-007  10.0038
10.0038  -9.84521e-007  10.0038
10.0038  -1.40861e-006  10.0038
10.0038  -2.05927e-006  10.0038
10.0038  -3.08026e-006  10.0038
10.0038  -4.72018e-006  10.0038
10.0038  -7.41698e-006  10.0038
10.0038  -1.19539e-005  10.0038
10.0038  -1.97414e-005  10.0038
10.0038  -3.32984e-005  10.0038
10.0038  -5.69602e-005  10.0038
10.0038  -9.75095e-005  10.0037
10.0039  -0.000163325  10.0037
10.0039  -0.000258597  10.0037
10.004  -0.000369738  10.0036
10.0041  -0.000454692  10.0036
10.0042  -0.000464565  10.0037
10.0043  -0.000392814  10.0039
10.0044  -0.000282955  10.0041
10.0044  -0.000182042  10.0042
10.0044  -0.000109692  10.0043
10.0045  -6.4257e-005  10.0044
10.0045  -3.75251e-005  10.0044
10.0045  -2.21813e-005  10.0044
10.0045  -1.33835e-005  10.0045
10.0045  -8.27689e-006  10.0045
10.0045  -5.25511e-006  10.0045
10.0045  -3.426e-006  10.0045
10.0045  -2.29197e-006  10.0045
10.0045  -1.57175e-006  10.0045
10.0045  -1.10341e-006  10.0045
10.0045  -7.91847e-007  10.0045
10.0045  -5.80029e-007  10.0045
10.0045  -4.33015e-007  10.0045
10.0045  -3.28969e-007  10.0045
10.0045  -2.53969e-007  10.0045
10.0045  -1.98972e-007  10.0045
10.0045  -1.57994e-007  10.0045
10.0045  -1.27008e-007  10.0045
10.0045  -1.03258e-007  10.0045
10.0045  -8.48276e-008  10.0045
10.0045  -7.03627e-008  10.0045
10.0045  -5.88942e-008  10.0045
10.0045  -4.97181e-008  10.0045
10.0045  -4.23161e-008  10.0045
10.0045  -3.63023e-008  10.0045
10.0045  -3.13856e-008  10.0045
10.0045  -2.73441e-008  10.0045
10.0045  -2.40071e-008  10.0045
10.0045  -2.12416e-008  10.0045
10.0045  -1.89435e-008  10.0045
10.0045  -1.70304e-008  10.0045
10.0045  -1.54363e-008  10.0045
10.0045  -1.41086e-008  10.0045
10.0045  -1.30046e-008  10.0045
10.0045  -1.20896e-008  10.0045
10.0045  -1.13353e-008  10.0045
10.0045  -1.07185e-008  10.0045
10.0045  -1.02202e-008  10.0045
10.0045  -9.82467e-009  10.0045
10.0045  -9.51917e-009  10.0045
10.0045  -9.29317e-009  10.0045
10.0045  -9.13817e-009  10.0045
10.0045  -9.04737e-009  10.0045
10.0045  -9.01544e-009  10.0045
10.0045  -9.0383e-009  10.0045
10.0045  -9.11301e-009  10.0045
10.0045  -9.23761e-009  10.0045
10.0045  -9.41102e-009  10.0045
10.0045  -9.63293e-009  10.0045
10.0045  -9.90368e-009  10.0045
10.0045  -1.02242e-008  10.0045
10.0045  -1.05961e-008  10.0045
10.0045  -1.1021e-008  10.0045
10.0045  -1.15013e-008  10.0045
10.0045  -1.20393e-008  10.0045
10.0045  -1.26377e-008  10.0045
10.0045  -1.3299e-008  10.0045
10.0045  -1.40258e-008  10.0045
10.0045  -1.48204e-008  10.0045
10.0045  -1.5685e-008  10.0045
10.0045  -1.66212e-008  10.0045
10.0045  -1.763e-008  10.0045
10.0045  -1.87116e-008  10.0045
10.0045  -1.98657e-008  10.0045
10.0045  -2.10904e-008  10.0045
10.0045  -2.23831e-008  10.0045
10.0045  -2.37395e-008  10.0045
10.0045  -2.51539e-008  10.0045
10.0045  -2.6619e-008  10.0045
10.0045  -2.81259e-008  10.0045
10.0045  -2.96636e-008  10.0045
10.0045  -3.12195e-008  10.0045
10.0045  -3.27794e-008  10.0045
10.0045  -3.43272e-008  10.0045
10.0045  -3.58455e-008  10.0045
10.0045  -3.73159e-008  10.0045
10.0045  -3.87189e-008  10.0045
10.0045  -4.00347e-008  10.0045
10.0045  -4.12436e-008  10.0045
10.0045  -4.23267e-008  10.0045
10.0045  -4.32659e-008  10.0045
10.0045  -4.40451e-008  10.0045
10.0045  -4.46503e-008  10.0045
