0 6.32456 0 3.16228
0.0631213 6.31215 0.000166094 3.16229
0.125508 6.27485 0.00131033 3.16253
0.186478 6.21247 0.00432237 3.16345
0.245441 6.12494 0.00993829 3.16556
0.301912 6.01254 0.0187106 3.1692
0.35551 5.87602 0.0310105 3.17428
0.405939 5.7167 0.0470503 3.18027
0.452974 5.53637 0.0669156 3.18618
0.496436 5.33724 0.090597 3.19069
0.536185 5.1218 0.118018 3.19217
0.572104 4.89265 0.149058 3.18891
0.604099 4.65247 0.183568 3.17912
0.632093 4.40383 0.221383 3.16114
0.656026 4.14916 0.262332 3.13345
0.67586 3.89065 0.306234 3.09476
0.691582 3.63018 0.352903 3.04412
0.703215 3.3693 0.402139 2.98094
0.710821 3.10914 0.453715 2.90508
0.714519 2.85041 0.507359 2.81684
0.714495 2.59344 0.562743 2.71696
0.71101 2.33818 0.619455 2.60661
0.704406 2.08436 0.676999 2.4872
0.695092 1.83164 0.734797 2.36027
0.683524 1.57979 0.792215 2.22725
0.670167 1.32882 0.848603 2.0893
0.655457 1.07905 0.903348 1.94726
0.639768 0.831072 0.955906 1.80166
0.623396 0.585628 1.00583 1.65276
0.60655 0.343544 1.05279 1.50071
0.589366 0.105625 1.09652 1.34556
0.571917 -0.127379 1.13685 1.18738
0.55423 -0.354791 1.17366 1.02621
0.536301 -0.575995 1.20687 0.862104
0.518109 -0.790418 1.23642 0.695111
0.499621 -0.997514 1.26227 0.525249
0.480806 -1.19675 1.28438 0.35251
0.461635 -1.38758 1.30272 0.176852
0.442089 -1.56949 1.31725 -0.00179887
0.422162 -1.74193 1.32793 -0.183543
0.401861 -1.90439 1.33472 -0.368494
0.38121 -2.05637 1.33757 -0.556762
0.360254 -2.1974 1.33643 -0.748437
0.339054 -2.32711 1.33125 -0.94356
0.317695 -2.44519 1.32196 -1.1421
0.296283 -2.55147 1.30852 -1.34393
0.274947 -2.64592 1.29087 -1.54878
0.253841 -2.72868 1.26894 -1.75622
0.23314 -2.80013 1.24269 -1.96564
0.213045 -2.86086 1.21205 -2.17618
0.193779 -2.91175 1.17696 -2.38675
0.17559 -2.95396 1.13736 -2.59598
0.158747 -2.98893 1.09319 -2.80222
0.14354 -3.01842 1.04435 -3.00353
0.130277 -3.04446 0.990758 -3.19771
0.119283 -3.06932 0.932292 -3.38231
0.110892 -3.09542 0.868818 -3.55476
0.105439 -3.12521 0.800182 -3.71244
0.10324 -3.16094 0.726223 -3.85295
0.104567 -3.20434 0.646796 -3.97435
0.109587 -3.25622 0.561841 -4.07565
0.118275 -3.31597 0.471481 -4.15722
0.130291 -3.38126 0.37619 -4.22107
0.144844 -3.44843 0.276965 -4.27049
0.160641 -3.51392 0.175412 -4.30858
0.176022 -3.57626 0.0735871 -4.33627
0.189298 -3.63716 -0.0264175 -4.35124
0.199097 -3.70052 -0.122903 -4.34898
0.204537 -3.77031 -0.214762 -4.32491
0.205195 -3.84903 -0.301418 -4.276
0.200984 -3.93717 -0.382652 -4.20127
0.192024 -4.03353 -0.458433 -4.10152
0.178554 -4.13566 -0.52881 -3.97882
0.160872 -4.24038 -0.593846 -3.83605
0.139301 -4.34413 -0.653589 -3.6765
0.114176 -4.44322 -0.708062 -3.50365
0.085826 -4.53402 -0.757263 -3.32093
0.0545696 -4.61312 -0.801173 -3.13164
0.0207099 -4.67736 -0.839758 -2.93881
-0.0154701 -4.72396 -0.872981 -2.74519
-0.0537107 -4.7505 -0.900805 -2.55318
-0.0937776 -4.75503 -0.923198 -2.36479
-0.135463 -4.736 -0.940141 -2.18168
-0.178587 -4.69233 -0.951625 -2.00509
-0.222992 -4.62338 -0.957664 -1.83589
-0.268544 -4.529 -0.958293 -1.67455
-0.315121 -4.40952 -0.953575 -1.52114
-0.362603 -4.26574 -0.943619 -1.37533
-0.41086 -4.09903 -0.928586 -1.23636
-0.459724 -3.91125 -0.908723 -1.10305
-0.508971 -3.70478 -0.884382 -0.973866
-0.558285 -3.48238 -0.856058 -0.847021
-0.607242 -3.24696 -0.824409 -0.720708
-0.655301 -3.00124 -0.790252 -0.59345
-0.701833 -2.74738 -0.754521 -0.464451
-0.746171 -2.48668 -0.718183 -0.333832
-0.787688 -2.21958 -0.682133 -0.202586
-0.825854 -1.94591 -0.647105 -0.07228
-0.860272 -1.66528 -0.613631 0.0553597
-0.890677 -1.37735 -0.582044 0.178793
-0.916914 -1.08207 -0.552513 0.296862
-0.938912 -0.77969 -0.525092 0.408837
-0.95665 -0.470736 -0.499765 0.514377
-0.970137 -0.155966 -0.476481 0.613455
-0.9794 0.163703 -0.455182 0.706277
-0.984469 0.487236 -0.435819 0.793225
-0.98537 0.813506 -0.418362 0.874813
-0.982128 1.1413 -0.40281 0.951664
-0.974759 1.46934 -0.389194 1.02449
-0.963269 1.79622 -0.377575 1.0941
-0.947659 2.12047 -0.368049 1.16139
-0.927917 2.44049 -0.36074 1.22731
-0.904029 2.75459 -0.355804 1.2929
-0.87597 3.06097 -0.353413 1.35922
-0.843717 3.3578 -0.353754 1.42732
-0.807247 3.64325 -0.357012 1.49817
-0.766557 3.9156 -0.363346 1.57254
-0.721676 4.17335 -0.372856 1.65085
-0.672695 4.41542 -0.385538 1.73305
-0.619806 4.6412 -0.401223 1.81848
-0.563343 4.8506 -0.419505 1.90591
-0.503821 5.04382 -0.439692 1.99374
-0.441937 5.22091 -0.460798 2.08049
-0.37853 5.38126 -0.481606 2.16548
-0.314493 5.5232 -0.500806 2.24914
-0.250669 5.64413 -0.517161 2.33303
-0.187771 5.741 -0.529633 2.41938
-0.126353 5.81101 -0.537441 2.51037
-0.0668274 5.85201 -0.540053 2.60774
-0.00949661 5.86285 -0.537145 2.71239
0.0454066 5.84336 -0.528553 2.82441
0.0976863 5.79431 -0.514226 2.94306
0.14716 5.71727 -0.49419 3.06691
0.193646 5.61451 -0.468524 3.19392
0.236951 5.48884 -0.437341 3.3216
0.276874 5.34347 -0.400773 3.44709
0.313199 5.18193 -0.358962 3.56728
0.345706 5.00795 -0.312046 3.67893
0.374172 4.8253 -0.260157 3.77877
0.398376 4.63769 -0.203414 3.86366
0.418115 4.44861 -0.141921 3.93073
0.433214 4.26114 -0.075778 3.97756
0.443551 4.07772 -0.00509914 4.00243
0.449092 3.89995 0.0699496 4.00458
0.449939 3.72827 0.149088 3.98443
0.446395 3.56193 0.231834 3.94375
0.439025 3.39908 0.31742 3.88547
0.428681 3.23742 0.40474 3.81306
0.416442 3.07519 0.492412 3.72952
0.403465 2.9119 0.578957 3.63652
0.390795 2.74852 0.66303 3.53427
0.379222 2.58678 0.7436 3.42205
0.369239 2.42845 0.819995 3.29902
0.36107 2.27472 0.891858 3.1648
0.354748 2.12605 0.959054 3.01961
0.350174 1.98226 1.02159 2.86421
0.347177 1.84277 1.07953 2.69973
0.345546 1.70673 1.133 2.5275
0.345055 1.5732 1.18211 2.34887
0.345478 1.44126 1.22699 2.16514
0.346595 1.3101 1.26773 1.97752
0.348199 1.17903 1.30443 1.78703
0.350099 1.0475 1.33718 1.59455
0.352123 0.915133 1.36604 1.40078
0.354114 0.781699 1.39108 1.20625
0.355939 0.64711 1.41235 1.01135
0.357481 0.511402 1.42988 0.816351
0.358646 0.374724 1.4437 0.621387
0.359359 0.237311 1.45385 0.42651
0.359565 0.0994672 1.46034 0.231703
0.359229 -0.0384548 1.46318 0.0368957
0.358338 -0.176077 1.46237 -0.158008
0.356899 -0.313017 1.4579 -0.353109
0.354938 -0.448909 1.44978 -0.548493
0.352502 -0.583428 1.43798 -0.744203
0.349661 -0.716307 1.42248 -0.940222
0.346503 -0.847364 1.40324 -1.13645
0.343136 -0.97652 1.38023 -1.33268
0.339691 -1.10382 1.35341 -1.52857
0.336316 -1.22944 1.3227 -1.72365
0.333181 -1.35374 1.28806 -1.91728
0.330473 -1.47721 1.2494 -2.10862
0.3284 -1.60054 1.20663 -2.29669
0.327182 -1.72457 1.15965 -2.48031
0.327053 -1.85025 1.10834 -2.65815
0.328253 -1.97865 1.05257 -2.82877
0.33102 -2.11082 0.992229 -2.99072
0.33557 -2.24768 0.927188 -3.14259
0.342073 -2.38982 0.857374 -3.28328
0.350609 -2.53732 0.782802 -3.41213
0.361109 -2.68949 0.703648 -3.52911
0.373275 -2.84486 0.620352 -3.63493
0.386509 -3.0014 0.533708 -3.73065
0.399896 -3.15732 0.444895 -3.81705
0.412281 -3.31194 0.355392 -3.89365
0.422445 -3.46623 0.266745 -3.95829
0.429314 -3.62243 0.180327 -4.00754
0.432094 -3.783 0.0971686 -4.0378
0.430298 -3.94966 0.0179499 -4.04633
0.423697 -4.12288 -0.0569304 -4.0317
0.41225 -4.30183 -0.127252 -3.99391
0.396041 -4.48458 -0.192889 -3.93413
0.375226 -4.66841 -0.253751 -3.85441
0.350006 -4.85001 -0.309752 -3.75743
0.320606 -5.02574 -0.360795 -3.64624
0.287261 -5.19182 -0.406767 -3.52414
0.250204 -5.34443 -0.447541 -3.39445
0.209666 -5.47988 -0.482981 -3.26043
0.165864 -5.59471 -0.512955 -3.12517
0.119005 -5.68581 -0.537335 -2.99146
0.0692794 -5.75053 -0.556016 -2.86172
0.0168679 -5.78677 -0.568927 -2.73784
-0.0380515 -5.79314 -0.576048 -2.62113
-0.0952887 -5.76908 -0.577437 -2.51219
-0.154618 -5.71496 -0.573263 -2.41081
-0.215743 -5.63215 -0.563853 -2.3159
-0.278261 -5.52298 -0.549743 -2.22565
-0.34162 -5.39045 -0.531716 -2.13771
-0.40511 -5.23775 -0.510816 -2.04981
-0.467891 -5.06757 -0.488285 -1.96035
-0.529068 -4.88163 -0.465435 -1.8689
-0.587806 -4.68055 -0.443483 -1.77621
-0.64341 -4.4642 -0.423411 -1.68385
-0.695377 -4.23233 -0.405902 -1.59349
-0.743382 -3.98495 -0.391348 -1.50646
-0.787244 -3.7226 -0.37991 -1.4235
-0.826883 -3.4463 -0.371584 -1.34472
-0.862279 -3.15745 -0.366261 -1.26976
-0.893445 -2.85769 -0.363781 -1.19792
-0.920409 -2.54877 -0.36396 -1.12832
-0.943204 -2.23243 -0.366611 -1.05994
-0.961856 -1.91039 -0.371565 -0.991793
-0.976388 -1.58429 -0.378674 -0.922887
-0.986812 -1.25564 -0.387819 -0.852294
-0.993133 -0.9259 -0.398912 -0.779151
-0.995346 -0.596413 -0.411899 -0.702661
-0.993434 -0.268464 -0.426761 -0.622102
-0.987375 0.0567317 -0.443509 -0.536823
-0.977139 0.378015 -0.462186 -0.446258
-0.962692 0.694293 -0.482857 -0.34995
-0.944 1.00457 -0.505599 -0.247586
-0.921042 1.30796 -0.53049 -0.139057
-0.893819 1.6038 -0.557579 -0.0245424
-0.862378 1.89168 -0.586857 0.0954043
-0.826841 2.17152 -0.618207 0.219786
-0.787434 2.44356 -0.651357 0.347165
-0.744519 2.7082 -0.685829 0.47581
-0.698604 2.96573 -0.720924 0.604023
-0.650317 3.21592 -0.755748 0.730577
-0.600353 3.45767 -0.789297 0.855114
-0.549391 3.68894 -0.820563 0.978279
-0.498032 3.90698 -0.848646 1.10154
-0.446757 4.10873 -0.872807 1.2268
-0.395927 4.29123 -0.892486 1.35603
-0.3458 4.45194 -0.907284 1.49092
-0.296567 4.58884 -0.916926 1.63277
-0.248373 4.70051 -0.921236 1.78243
-0.201347 4.78614 -0.9201 1.94023
-0.155617 4.84544 -0.913456 2.10608
-0.111323 4.87869 -0.901275 2.27942
-0.0686248 4.88665 -0.883554 2.45929
-0.0277076 4.87057 -0.86031 2.64428
0.0112185 4.83219 -0.831576 2.83261
0.0479167 4.77366 -0.797396 3.02209
0.0821253 4.69759 -0.757816 3.21016
0.113561 4.60696 -0.712888 3.39395
0.14192 4.50507 -0.662651 3.57027
0.166887 4.39549 -0.607135 3.73575
0.188137 4.28194 -0.546348 3.8869
0.205345 4.16812 -0.480271 4.02027
0.218199 4.05756 -0.408867 4.13264
0.226422 3.95331 -0.332086 4.22134
0.22981 3.85754 -0.249907 4.28461
0.228296 3.77107 -0.162411 4.32211
0.222047 3.69295 -0.0699011 4.33534
0.211593 3.62032 0.0269209 4.3278
0.197934 3.54912 0.126807 4.3042
0.182518 3.47593 0.227959 4.26867
0.167029 3.39982 0.32829 4.22283
0.153026 3.3228 0.425864 4.16527
0.141658 3.24848 0.519245 4.09288
0.133587 3.18017 0.60759 4.00281
0.129063 3.11972 0.690526 3.89354
0.128057 3.0674 0.767986 3.76508
0.130375 3.02222 0.840055 3.61867
0.135739 2.98239 0.906883 3.45631
0.14383 2.94574 0.968634 3.28039
0.154321 2.90993 1.02546 3.09342
0.166883 2.8727 1.0775 2.89784
0.181204 2.83199 1.12486 2.69593
0.196985 2.78593 1.16764 2.48972
0.213948 2.73297 1.20593 2.281
0.231833 2.67183 1.2398 2.07125
0.250406 2.60149 1.26931 1.8617
0.269454 2.52125 1.29453 1.65332
0.288787 2.4306 1.31551 1.44684
0.308239 2.32929 1.33232 1.24279
0.327667 2.21726 1.345 1.04152
0.346952 2.09458 1.35363 0.843241
0.365996 1.96148 1.35824 0.64803
0.384723 1.81828 1.3589 0.455893
0.403079 1.66538 1.35565 0.266772
0.421029 1.50323 1.34854 0.0805741
0.438557 1.3323 1.33761 -0.102802
0.455665 1.15309 1.32288 -0.28345
0.472369 0.966057 1.30441 -0.461435
0.488699 0.771684 1.2822 -0.636789
0.504697 0.570415 1.25628 -0.809492
0.520413 0.362679 1.22667 -0.979481
0.535896 0.148897 1.19338 -1.14664
0.551196 -0.0705058 1.15646 -1.31083
0.566348 -0.295078 1.11594 -1.47187
0.581365 -0.524316 1.07189 -1.62958
0.596223 -0.757645 1.02443 -1.7838
0.610843 -0.994403 0.97376 -1.93437
0.625074 -1.23386 0.920135 -2.08114
0.63868 -1.47525 0.863935 -2.22386
0.651329 -1.71792 0.805648 -2.36216
0.662607 -1.96138 0.745869 -2.49538
0.672034 -2.20544 0.685265 -2.62255
0.679113 -2.45024 0.624526 -2.74231
0.683369 -2.69611 0.564315 -2.85311
0.684383 -2.94347 0.505226 -2.95337
0.681823 -3.19254 0.447757 -3.04167
0.67544 -3.44328 0.392313 -3.11699
0.665069 -3.69517 0.33922 -3.17876
0.650612 -3.94728 0.288743 -3.22692
0.632029 -4.19819 0.241108 -3.2619
0.60932 -4.44609 0.196515 -3.28457
0.582519 -4.68883 0.155152 -3.29618
0.551684 -4.92396 0.117199 -3.29828
0.516896 -5.14884 0.0828285 -3.29263
0.478252 -5.36073 0.052199 -3.2811
0.435868 -5.55685 0.0254486 -3.26561
0.389881 -5.73458 0.00267897 -3.24795
0.340458 -5.8915 -0.0160628 -3.22973
0.287807 -6.02559 -0.0308097 -3.21218
0.232188 -6.13532 -0.0417048 -3.19614
0.173941 -6.21973 -0.049034 -3.18191
0.113498 -6.27844 -0.0532555 -3.16934
0.051398 -6.31153 -0.0550159 -3.15792
-0.0117164 -6.31938 -0.0551387 -3.14706
-0.0751259 -6.30235 -0.0545781 -3.13633
-0.138081 -6.26064 -0.054339 -3.12565
-0.199858 -6.19429 -0.0553825 -3.11532
-0.259811 -6.10327 -0.0585437 -3.10587
-0.317396 -5.98775 -0.0644804 -3.09775
-0.372183 -5.84831 -0.0736592 -3.09115
-0.42384 -5.686 -0.0863696 -3.08584
-0.472116 -5.50242 -0.102755 -3.0811
-0.516823 -5.29956 -0.122845 -3.07583
-0.557814 -5.07975 -0.146589 -3.06865
-0.594973 -4.84551 -0.173882 -3.05794
-0.628208 -4.59942 -0.204586 -3.04204
-0.657442 -4.34404 -0.238541 -3.01932
-0.682617 -4.08178 -0.275582 -2.98826
-0.703688 -3.8149 -0.315537 -2.94753
-0.720632 -3.54537 -0.358234 -2.89606
-0.733449 -3.27486 -0.403495 -2.83311
-0.742172 -3.0047 -0.451129 -2.7583
-0.746875 -2.73584 -0.500918 -2.67166
-0.747685 -2.46884 -0.552603 -2.57365
-0.744793 -2.20387 -0.605862 -2.46515
-0.738464 -1.94083 -0.660294 -2.34739
-0.729039 -1.67941 -0.715412 -2.22182
-0.716923 -1.41929 -0.770649 -2.08994
-0.702563 -1.16031 -0.825388 -1.9531
-0.686408 -0.902585 -0.878998 -1.81239
-0.668881 -0.646538 -0.930883 -1.6685
-0.650342 -0.392873 -0.980518 -1.52185
-0.631074 -0.142468 -1.02747 -1.37255
-0.611282 0.103731 -1.07141 -1.22063
-0.591101 0.344786 -1.11207 -1.06601
-0.570606 0.579815 -1.14929 -0.908591
-0.549834 0.808007 -1.18293 -0.748297
-0.528791 1.02861 -1.21291 -0.585042
-0.507468 1.24094 -1.23914 -0.418739
-0.48585 1.44432 -1.26159 -0.249291
-0.463922 1.63812 -1.28018 -0.0765849
-0.441675 1.82173 -1.29489 0.0995066
-0.41911 1.99457 -1.30566 0.279121
-0.396242 2.15606 -1.31243 0.462397
-0.373103 2.30568 -1.31516 0.649454
-0.349742 2.44299 -1.31379 0.840379
-0.32623 2.5676 -1.30827 1.03519
-0.302657 2.67924 -1.29853 1.23384
-0.279137 2.7778 -1.28453 1.43613
-0.255808 2.8633 -1.26619 1.64174
-0.232832 2.93601 -1.24348 1.85016
-0.210395 2.99639 -1.21633 2.06066
-0.188708 3.04519 -1.1847 2.27228
-0.168004 3.08343 -1.14852 2.48377
-0.148543 3.11245 -1.10773 2.69362
-0.130603 3.13389 -1.06228 2.9
-0.114488 3.14971 -1.01208 3.10081
-0.100516 3.16215 -0.957039 3.29365
-0.0890215 3.17368 -0.897047 3.47593
-0.0803484 3.1869 -0.831967 3.6449
-0.0748388 3.20441 -0.76164 3.79786
-0.0728143 3.22855 -0.685902 3.93235
-0.074541 3.26104 -0.604614 4.04651
-0.0801684 3.3025 -0.517726 4.13956
-0.0896304 3.35199 -0.425407 4.21227
-0.102507 3.40672 -0.328213 4.2672
-0.117892 3.46264 -0.227277 4.3081
-0.13436 3.51614 -0.12436 4.33819
-0.150159 3.56622 -0.0216261 4.358
-0.163585 3.61526 0.0788188 4.36465
-0.173324 3.66756 0.175354 4.3533
-0.178584 3.72713 0.266983 4.31944
-0.179028 3.79618 0.353233 4.26038
-0.174634 3.87492 0.433954 4.17552
-0.165566 3.96185 0.509166 4.066
-0.152095 4.05438 0.578945 3.93411
-0.134537 4.14922 0.643371 3.78286
-0.113231 4.24281 0.702507 3.61561
-0.0885183 4.33151 0.756387 3.43581
-0.0607346 4.41181 0.805019 3.24685
-0.0302024 4.48039 0.848395 3.05191
0.00277293 4.53429 0.886492 2.85394
0.0379075 4.57087 0.919285 2.65553
0.0749415 4.58789 0.946747 2.45893
0.113641 4.58356 0.968859 2.26605
0.1538 4.55647 0.98561 2.0784
0.195238 4.50566 0.997002 1.89714
0.237804 4.43059 1.00305 1.72307
0.281366 4.33112 1.0038 1.55662
0.32581 4.20756 0.999292 1.39789
0.371031 4.06064 0.989633 1.24663
0.41692 3.89153 0.974952 1.10222
0.463345 3.70189 0.955448 0.96369
0.51013 3.49379 0.931401 0.829742
0.557031 3.26972 0.903209 0.698802
0.603706 3.03239 0.871411 0.569189
0.649705 2.78451 0.836697 0.439367
0.694475 2.52844 0.799898 0.308271
0.737393 2.26583 0.761923 0.175599
0.777831 1.99753 0.723676 0.041916
0.815217 1.72365 0.685958 -0.0914848
0.849086 1.44385 0.649402 -0.222927
0.879102 1.15771 0.614451 -0.350723
0.905048 0.864937 0.581371 -0.47345
0.926799 0.565537 0.550293 -0.590081
0.944301 0.259815 0.521257 -0.699995
0.957542 -0.0516639 0.494252 -0.80293
0.966534 -0.368123 0.469245 -0.898912
0.971299 -0.688621 0.446204 -0.988189
0.971863 -1.01209 0.425111 -1.07119
0.968249 -1.33734 0.405974 -1.14847
0.960478 -1.66308 0.388826 -1.22073
0.948559 -1.98791 0.373734 -1.28877
0.932498 -2.31029 0.360796 -1.35349
0.912292 -2.62857 0.35014 -1.4159
0.887931 -2.94099 0.34192 -1.47709
0.859401 -3.24567 0.336314 -1.53819
0.826683 -3.54066 0.33351 -1.60035
0.789764 -3.82401 0.333696 -1.66465
0.748644 -4.09386 0.337038 -1.732
0.703355 -4.34856 0.343649 -1.803
0.653982 -4.58681 0.353545 -1.8778
0.600706 -4.80784 0.366585 -1.95596
0.543838 -5.01138 0.382409 -2.03643
0.483865 -5.19756 0.400376 -2.11772
0.421455 -5.3665 0.419549 -2.19837
0.357433 -5.51777 0.43874 -2.27751
0.292696 -5.65 0.456642 -2.35533
0.228109 -5.76087 0.471987 -2.43316
0.164425 -5.84755 0.483686 -2.51307
0.102239 -5.90732 0.490903 -2.59719
0.0419981 -5.93808 0.493059 -2.68726
-0.0159693 -5.93871 0.489796 -2.78423
-0.0714128 -5.90906 0.480928 -2.88819
-0.124127 -5.84997 0.466393 -2.99841
-0.173926 -5.76308 0.446213 -3.11346
-0.220627 -5.6507 0.42047 -3.23129
-0.264045 -5.51571 0.389281 -3.3494
-0.303982 -5.36137 0.352785 -3.46493
-0.340237 -5.19123 0.31113 -3.57481
-0.372599 -5.00899 0.264464 -3.67586
-0.400859 -4.81839 0.212927 -3.76491
-0.424816 -4.62304 0.156648 -3.83893
-0.444285 -4.42633 0.0957449 -3.89522
-0.459112 -4.23118 0.0303322 -3.93154
-0.469202 -4.03989 -0.0394559 -3.94638
-0.474547 -3.85389 -0.113428 -3.93917
-0.475277 -3.67353 -0.191277 -3.91047
-0.471716 -3.49802 -0.272496 -3.86213
-0.464437 -3.32564 -0.356306 -3.79699
-0.454273 -3.15431 -0.441622 -3.71834
-0.442256 -2.98249 -0.527116 -3.62899
-0.42947 -2.80982 -0.611393 -3.53052
-0.416887 -2.63719 -0.693195 -3.4232
-0.405239 -2.46621 -0.771558 -3.30652
-0.394982 -2.29845 -0.845851 -3.17983
-0.386328 -2.13501 -0.915731 -3.04287
-0.37931 -1.97636 -0.981062 -2.89588
-0.373839 -1.8224 -1.04184 -2.73959
-0.369757 -1.67264 -1.09813 -2.57504
-0.366868 -1.52639 -1.15003 -2.4034
-0.364962 -1.38288 -1.19765 -2.22592
-0.363827 -1.24133 -1.2411 -2.04376
-0.363258 -1.10107 -1.28048 -1.85797
-0.363063 -0.96155 -1.31587 -1.66948
-0.363064 -0.822339 -1.34736 -1.47906
-0.363101 -0.68316 -1.375 -1.2873
-0.363033 -0.543871 -1.39886 -1.09466
-0.362737 -0.404459 -1.41897 -0.901471
-0.36211 -0.265022 -1.43537 -0.707927
-0.361068 -0.125757 -1.44808 -0.514129
-0.359549 0.0130664 -1.45712 -0.320093
-0.35751 0.151117 -1.4625 -0.125775
-0.354927 0.288028 -1.46422 0.06891
-0.351799 0.423419 -1.46229 0.264063
-0.348144 0.556915 -1.45667 0.459782
-0.344001 0.688169 -1.44737 0.656136
-0.33943 0.816887 -1.43436 0.853146
-0.334512 0.942846 -1.4176 1.05076
-0.329347 1.06592 -1.39706 1.24882
-0.32406 1.18611 -1.37269 1.44706
-0.318792 1.30354 -1.34444 1.64508
-0.313708 1.41852 -1.31226 1.84229
-0.308993 1.53149 -1.27607 2.03794
-0.30485 1.64313 -1.23578 2.23109
-0.301501 1.75426 -1.19131 2.42059
-0.299186 1.8659 -1.14254 2.60513
-0.298156 1.97922 -1.08934 2.7832
-0.298672 2.09545 -1.03159 2.9532
-0.300988 2.21583 -0.969124 3.11352
-0.305341 2.34144 -0.901826 3.26265
-0.311917 2.47297 -0.829599 3.3994
-0.320803 2.61049 -0.752444 3.52316
-0.331923 2.75316 -0.670546 3.6341
-0.344942 2.89919 -0.584378 3.73325
-0.359191 3.04621 -0.494815 3.82209
-0.373647 3.19214 -0.403162 3.90169
-0.387032 3.33634 -0.311036 3.97154
-0.398035 3.48015 -0.220094 4.02917
-0.405536 3.62626 -0.131751 4.07071
-0.408746 3.77748 -0.0470272 4.09228
-0.407212 3.93565 0.033447 4.09104
-0.400754 4.10116 0.109329 4.06571
-0.389375 4.27301 0.180449 4.01651
-0.373198 4.44908 0.24672 3.94483
-0.352414 4.62644 0.308081 3.85299
-0.327252 4.80162 0.364468 3.74386
-0.297958 4.97088 0.4158 3.62066
-0.264786 5.13034 0.461975 3.4868
-0.227987 5.27617 0.502878 3.34569
-0.187802 5.40466 0.53838 3.20064
-0.144461 5.51237 0.568353 3.05476
-0.0981751 5.59624 0.592675 2.91085
-0.0491375 5.65365 0.611242 2.77131
0.0024733 5.68254 0.623975 2.63807
0.056489 5.68153 0.630842 2.51246
0.112738 5.65002 0.631876 2.39515
0.171024 5.58833 0.627203 2.286
0.231097 5.49775 0.61709 2.18407
0.292611 5.38057 0.601987 2.08756
0.355084 5.23986 0.582587 1.9941
0.417869 5.07906 0.559846 1.90116
0.480167 4.90131 0.534952 1.80672
0.541089 4.7088 0.509223 1.70988
0.59976 4.50254 0.483941 1.61107
0.655427 4.28251 0.460188 1.51176
0.707521 4.04831 0.438755 1.41383
0.755666 3.79968 0.420122 1.31895
0.799649 3.53683 0.404514 1.2282
0.839373 3.26047 0.391964 1.14204
0.874815 2.97176 0.382387 1.06039
0.90599 2.67214 0.375629 0.98274
0.932936 2.36321 0.371509 0.908353
0.955692 2.04663 0.369842 0.836341
0.974297 1.72402 0.370454 0.765772
0.988782 1.39693 0.373196 0.695712
0.999168 1.06688 0.377946 0.62526
1.00547 0.735254 0.384614 0.55356
1.00768 0.40341 0.393148 0.479804
1.00581 0.0726347 0.403527 0.403233
0.999814 -0.255822 0.415767 0.323132
0.989679 -0.580739 0.429918 0.238837
0.975365 -0.90092 0.446057 0.149744
0.95683 -1.21521 0.464286 0.0553409
0.934033 -1.52253 0.484717 -0.0447487
0.906945 -1.82191 0.507456 -0.15069
0.875562 -2.11261 0.532577 -0.262338
0.839932 -2.39419 0.560081 -0.379134
0.800186 -2.66655 0.589846 -0.500018
0.756576 -2.92999 0.621566 -0.623438
0.709505 -3.18498 0.654703 -0.747541
0.659539 -3.4318 0.688466 -0.870568
0.607375 -3.6701 0.721857 -0.991377
0.553767 -3.89848 0.753769 -1.10987
0.499443 -4.11454 0.783124 -1.22707
0.445026 -4.31516 0.808977 -1.34484
0.391005 -4.49702 0.830581 -1.4654
0.337736 -4.65708 0.847389 -1.59086
0.285475 -4.79285 0.859026 -1.72295
0.234406 -4.90252 0.865249 -1.86285
0.184676 -4.98498 0.865911 -2.01118
0.13642 -5.03981 0.860934 -2.16799
0.0897767 -5.06719 0.850286 -2.33283
0.0449002 -5.06789 0.833971 -2.50473
0.00196692 -5.04322 0.812017 -2.68228
-0.0388218 -4.99498 0.78447 -2.86365
-0.0772384 -4.92546 0.751391 -3.04656
-0.113031 -4.83738 0.712847 -3.22839
-0.145924 -4.73383 0.668905 -3.40618
-0.175627 -4.61823 0.619628 -3.5767
-0.20183 -4.49426 0.565064 -3.7365
-0.224221 -4.36571 0.505241 -3.88206
-0.242483 -4.23637 0.440164 -4.00992
-0.256315 -4.10984 0.369812 -4.11683
-0.265447 -3.98925 0.294154 -4.20012
-0.269677 -3.87687 0.21318 -4.25796
-0.26893 -3.77369 0.126968 -4.28993
-0.263352 -3.67898 0.0358018 -4.2974
-0.253425 -3.59012 -0.0596695 -4.2837
-0.240082 -3.5032 -0.158278 -4.25351
-0.224698 -3.41469 -0.258314 -4.2112
-0.208907 -3.32325 -0.357749 -4.15891
-0.19426 -3.23047 -0.454651 -4.09579
-0.18194 -3.13973 -0.547547 -4.01913
-0.17265 -3.05432 -0.635537 -3.92617
-0.166683 -2.97631 -0.718207 -3.8153
-0.164039 -2.90622 -0.795458 -3.68636
-0.164548 -2.84335 -0.867364 -3.54037
-0.167947 -2.78616 -0.934072 -3.37913
-0.173929 -2.7327 -0.995749 -3.20486
-0.182174 -2.68086 -1.05256 -3.01988
-0.192364 -2.62857 -1.10464 -2.8265
-0.204194 -2.5739 -1.15212 -2.62686
-0.217371 -2.51516 -1.1951 -2.42287
-0.231624 -2.4509 -1.23368 -2.21619
-0.246703 -2.37994 -1.26794 -2.00825
-0.262376 -2.30139 -1.29793 -1.80017
-0.278438 -2.21456 -1.32374 -1.59286
-0.294704 -2.11904 -1.34542 -1.38702
-0.311012 -2.01459 -1.36303 -1.18312
-0.327223 -1.90117 -1.37662 -0.981488
-0.343223 -1.77887 -1.38625 -0.78231
-0.358916 -1.64792 -1.39195 -0.58566
-0.374232 -1.50862 -1.39379 -0.391531
-0.389118 -1.36135 -1.3918 -0.199863
-0.403545 -1.20653 -1.38602 -0.0105694
-0.417502 -1.04459 -1.37648 0.176445
-0.430996 -0.875957 -1.36321 0.361257
-0.444053 -0.701056 -1.34622 0.543909
-0.456716 -0.520265 -1.32552 0.724397
-0.46904 -0.333924 -1.30112 0.902651
-0.481097 -0.142327 -1.27301 1.07853
-0.492964 0.0542762 -1.24119 1.25184
-0.504729 0.255673 -1.20564 1.42228
-0.516477 0.461669 -1.16635 1.58954
-0.52829 0.672066 -1.12332 1.75322
-0.540229 0.886622 -1.07657 1.91295
-0.552326 1.10501 -1.02617 2.06836
-0.564561 1.32679 -0.972226 2.21914
-0.57684 1.55136 -0.914944 2.36504
-0.588976 1.77803 -0.854644 2.50583
-0.600664 2.00603 -0.791783 2.64124
-0.611483 2.23473 -0.726964 2.7708
-0.62091 2.46377 -0.660911 2.8937
-0.628362 2.69319 -0.594423 3.00867
-0.633257 2.92339 -0.528295 3.11405
-0.635066 3.15498 -0.46326 3.20801
-0.633356 3.3885 -0.39994 3.28881
-0.627806 3.62416 -0.338831 3.3551
-0.6182 3.8617 -0.280324 3.40606
-0.604416 4.10028 -0.22472 3.44148
-0.586404 4.33853 -0.172265 3.46179
-0.564168 4.57457 -0.123169 3.46792
-0.537754 4.80611 -0.0776238 3.4613
-0.507237 5.0305 -0.0358126 3.44368
-0.472714 5.2449 0.00208839 3.4171
-0.434299 5.44632 0.0359111 3.38374
-0.39212 5.63176 0.0655029 3.3458
-0.346324 5.79834 0.0907384 3.30542
-0.297074 5.94341 0.111536 3.26452
-0.244565 6.06473 0.127882 3.22468
-0.189035 6.16059 0.139856 3.18699
-0.130784 6.22992 0.147667 3.15201
-0.0701969 6.27237 0.151692 3.11966
-0.00776608 6.28822 0.152497 3.0894
0.0559013 6.27818 0.150857 3.06038
0.120095 6.24314 0.147718 3.03182
0.18404 6.18382 0.144137 3.00325
0.246958 6.10062 0.141177 2.97474
0.30813 5.99371 0.139803 2.94678
0.366944 5.86323 0.140806 2.92003
0.422913 5.70954 0.144764 2.89498
0.475668 5.53349 0.152052 2.87178
0.524944 5.33639 0.16287 2.85007
0.570547 5.12003 0.17728 2.82909
0.612341 4.88657 0.195248 2.80765
0.650222 4.63839 0.216674 2.78437
0.684112 4.37795 0.24142 2.75771
0.713949 4.10774 0.269327 2.72612
0.739681 3.83016 0.300229 2.68811
0.761269 3.54743 0.333963 2.64234
0.778681 3.26159 0.370371 2.58764
0.791903 2.97442 0.409301 2.52312
0.800933 2.68741 0.450606 2.44816
0.805799 2.40173 0.494135 2.36247
0.806556 2.11824 0.539717 2.26616
0.803309 1.83741 0.587148 2.1597
0.796218 1.55941 0.636167 2.04397
0.785516 1.28407 0.686434 1.92018
0.771509 1.01107 0.737517 1.7898
0.754582 0.740056 0.78889 1.65437
0.735171 0.47081 0.839951 1.51529
0.713738 0.203447 0.89006 1.37365
0.690729 -0.0615401 0.938587 1.23014
0.666543 -0.323293 0.984957 1.08504
0.641507 -0.580696 1.02868 0.938283
0.615866 -0.832503 1.06936 0.789621
0.589795 -1.07745 1.1067 0.638693
0.563406 -1.31433 1.14048 0.485115
0.536765 -1.54201 1.17052 0.328516
0.509908 -1.75947 1.1967 0.168556
0.482853 -1.96577 1.21892 0.00492461
0.455611 -2.16007 1.23711 -0.162658
0.428193 -2.34158 1.2512 -0.334444
0.400619 -2.50961 1.26112 -0.510657
0.37292 -2.66351 1.2668 -0.691478
0.345143 -2.80276 1.2682 -0.877034
0.317354 -2.92694 1.26524 -1.06737
0.289641 -3.03573 1.25788 -1.26245
0.262112 -3.12901 1.24606 -1.46208
0.234902 -3.20683 1.22972 -1.66592
0.20817 -3.26947 1.20882 -1.87343
0.182101 -3.31746 1.1833 -2.08385
0.156906 -3.35161 1.15314 -2.29615
0.132819 -3.37304 1.11827 -2.50902
0.110103 -3.38322 1.07867 -2.72085
0.0890395 -3.38393 1.03428 -2.92972
0.0699354 -3.3773 0.985041 -3.13338
0.053116 -3.36577 0.930886 -3.32929
0.0389234 -3.35204 0.871721 -3.51468
0.0277117 -3.33899 0.807428 -3.6866
0.0198385 -3.32956 0.737861 -3.84209
0.0156499 -3.32646 0.662855 -3.97838
0.0154524 -3.33194 0.582248 -4.0932
0.0194618 -3.34719 0.495936 -4.18531
0.0277144 -3.3719 0.403974 -4.25502
0.0399334 -3.40368 0.306753 -4.30461
0.05537 -3.43836 0.205204 -4.33818
0.0727099 -3.47139 0.100944 -4.36009
0.0901862 -3.50034 -0.00385513 -4.37256
0.105938 -3.52651 -0.106903 -4.37396
0.11843 -3.55418 -0.206315 -4.35968
0.126674 -3.58806 -0.300871 -4.32463
0.130203 -3.63134 -0.389967 -4.26528
0.12893 -3.68503 -0.473406 -4.18033
0.122997 -3.7482 -0.55121 -4.07042
0.112672 -3.81861 -0.623484 -3.93757
0.0982806 -3.89323 -0.690349 -3.78461
0.0801739 -3.96864 -0.751908 -3.61479
0.0587079 -4.04132 -0.808235 -3.43152
0.0342327 -4.10784 -0.859374 -3.23812
0.00708523 -4.165 -0.905348 -3.03774
-0.0224145 -4.20988 -0.946162 -2.83327
-0.0539676 -4.23991 -0.981814 -2.62729
-0.0872984 -4.2529 -1.0123 -2.42203
-0.122157 -4.24707 -1.03761 -2.21937
-0.158321 -4.22101 -1.05775 -2.02085
-0.195596 -4.17371 -1.07273 -1.82767
-0.233814 -4.10451 -1.08256 -1.6407
-0.272835 -4.01312 -1.08729 -1.46052
-0.312542 -3.89957 -1.08695 -1.28743
-0.352839 -3.76423 -1.0816 -1.12148
-0.393642 -3.60778 -1.07132 -0.962449
-0.434873 -3.4312 -1.05621 -0.809885
-0.476447 -3.23583 -1.03641 -0.663084
-0.518255 -3.02333 -1.01212 -0.521103
-0.560145 -2.79566 -0.983612 -0.38278
-0.601898 -2.55507 -0.951244 -0.246796
-0.643209 -2.30394 -0.915512 -0.111809
-0.683671 -2.04459 -0.877041 0.0233408
-0.722783 -1.77896 -0.836575 0.159374
-0.759982 -1.50844 -0.794933 0.296343
-0.79469 -1.23367 -0.752934 0.433555
-0.826375 -0.954683 -0.711317 0.569691
-0.854594 -0.671097 -0.670684 0.70309
-0.879013 -0.382437 -0.631473 0.83207
-0.899406 -0.088361 -0.59397 0.955178
-0.915638 0.211215 -0.558343 1.07132
-0.927634 0.516075 -0.524676 1.1798
-0.935368 0.825723 -0.493005 1.28027
-0.938837 1.13942 -0.463348 1.37271
-0.938053 1.4562 -0.435722 1.45735
-0.933034 1.77495 -0.41016 1.53462
-0.923799 2.09436 -0.386714 1.60517
-0.910366 2.41296 -0.365465 1.66978
-0.892747 2.72913 -0.346522 1.72941
-0.87095 3.04109 -0.330021 1.78513
-0.84498 3.34691 -0.316121 1.83813
-0.814839 3.64454 -0.305004 1.88968
-0.780526 3.93184 -0.296856 1.94107
-0.742048 4.20666 -0.291865 1.99357
-0.699425 4.46692 -0.29019 2.04827
-0.652709 4.71076 -0.29194 2.10599
-0.602004 4.93667 -0.297127 2.16712
-0.547499 5.14362 -0.305615 2.23146
-0.489511 5.33117 -0.317056 2.29825
-0.428517 5.49927 -0.330835 2.36624
-0.36517 5.64802 -0.346053 2.4341
-0.300277 5.77712 -0.361561 2.50096
-0.234726 5.88551 -0.376079 2.56686
-0.169389 5.97127 -0.388344 2.63288
-0.10504 6.03202 -0.397252 2.70077
-0.0423043 6.06546 -0.401942 2.77244
0.0183398 6.06988 -0.401808 2.84939
0.0765359 6.04446 -0.396471 2.93239
0.132013 5.98938 -0.385734 3.02138
0.184553 5.90574 -0.36953 3.11548
0.233965 5.79544 -0.347886 3.21315
0.280068 5.661 -0.320889 3.31226
0.322684 5.50542 -0.288666 3.41027
0.36163 5.33205 -0.251369 3.50436
0.396724 5.14444 -0.209156 3.59157
0.427783 4.9462 -0.162186 3.66888
0.454628 4.74088 -0.110613 3.73341
0.477096 4.53183 -0.0545835 3.78248
0.495048 4.32209 0.00576301 3.81382
0.508386 4.11415 0.0702768 3.82572
0.517078 3.90985 0.138776 3.81721
0.52119 3.71016 0.211002 3.78825
0.520934 3.51508 0.286568 3.73987
0.516708 3.32369 0.364886 3.67411
0.509126 3.13444 0.445124 3.59373
0.499004 2.94575 0.526211 3.50157
0.487282 2.75665 0.606926 3.39988
0.47489 2.56718 0.686055 3.28989
0.462622 2.37825 0.762551 3.17185
0.451057 2.1912 0.835631 3.04553
0.440547 2.00726 0.904783 2.91063
0.431246 1.82729 0.969731 2.76715
0.423168 1.65164 1.03036 2.61547
0.41623 1.48029 1.08666 2.45626
0.410292 1.31295 1.13868 2.29041
0.405187 1.14917 1.1865 2.11887
0.400734 0.988443 1.23021 1.94261
0.396751 0.830312 1.26989 1.76254
0.393067 0.674378 1.30562 1.57946
0.38952 0.520347 1.33748 1.39404
0.385963 0.368035 1.36552 1.20683
0.382266 0.217375 1.38979 1.01822
0.378318 0.0684087 1.41032 0.828512
0.374023 -0.0787245 1.42715 0.637883
0.369308 -0.223799 1.44029 0.446414
0.364117 -0.366521 1.44975 0.254112
0.358415 -0.506548 1.45553 0.0609265
0.352187 -0.643504 1.45763 -0.133229
0.345439 -0.777007 1.45602 -0.328456
0.338196 -0.906685 1.4507 -0.524847
0.330505 -1.0322 1.44163 -0.722466
0.322435 -1.15328 1.42879 -0.921317
0.314075 -1.26974 1.41214 -1.12133
0.305536 -1.38148 1.39164 -1.32232
0.296952 -1.48856 1.36723 -1.52398
0.288476 -1.59118 1.33887 -1.72584
0.280285 -1.68973 1.3065 -1.92727
0.272577 -1.78479 1.27003 -2.12741
0.265569 -1.87715 1.22939 -2.32523
0.259501 -1.96783 1.18449 -2.51943
0.25463 -2.05804 1.13521 -2.70853
0.251229 -2.14919 1.08143 -2.89085
0.249582 -2.24281 1.023 -3.06454
0.249979 -2.34049 0.959757 -3.22772
0.252696 -2.44369 0.891543 -3.37856
0.257975 -2.55351 0.818213 -3.51556
0.265975 -2.67043 0.739694 -3.6378
0.276709 -2.79393 0.656065 -3.74526
0.289941 -2.92224 0.567678 -3.83906
0.305079 -3.05258 0.475304 -3.92125
0.321109 -3.18201 0.380221 -3.99385
0.336665 -3.30895 0.284144 -4.05745
0.350255 -3.43424 0.188939 -4.11014
0.360552 -3.56081 0.0962647 -4.14788
0.366595 -3.69223 0.00733 -4.16607
0.367827 -3.83118 -0.07713 -4.1611
0.364023 -3.97869 -0.156742 -4.13106
0.355182 -4.13417 -0.231351 -4.07581
0.341439 -4.29569 -0.300905 -3.99662
0.323012 -4.46036 -0.365387 -3.89577
0.300156 -4.62472 -0.424774 -3.77621
0.273148 -4.78499 -0.479021 -3.64125
0.24227 -4.93722 -0.528059 -3.4944
0.207799 -5.07753 -0.571798 -3.33917
0.170004 -5.20216 -0.610132 -3.17897
0.129138 -5.30762 -0.642947 -3.01702
0.0854326 -5.39077 -0.670131 -2.85623
0.0390998 -5.44886 -0.691578 -2.69917
-0.00967214 -5.47966 -0.707202 -2.54796
-0.0607157 -5.48152 -0.71694 -2.40424
-0.113878 -5.45345 -0.720771 -2.26906
-0.169007 -5.39522 -0.718731 -2.14282
-0.225936 -5.30746 -0.71094 -2.0252
-0.284447 -5.19174 -0.697645 -1.91505
-0.344236 -5.05057 -0.679261 -1.81048
-0.404869 -4.88725 -0.656432 -1.709
-0.465747 -4.70545 -0.630059 -1.60792
-0.526108 -4.50857 -0.601285 -1.50506
-0.585084 -4.29908 -0.571405 -1.39932
-0.641802 -4.07814 -0.541703 -1.29102
-0.695494 -3.84577 -0.513287 -1.18169
-0.745573 -3.60144 -0.486978 -1.07336
-0.791651 -3.34464 -0.463287 -0.967977
-0.833509 -3.07528 -0.442457 -0.866928
-0.871049 -2.79379 -0.424536 -0.770964
-0.904257 -2.50105 -0.409447 -0.680257
-0.933156 -2.19826 -0.397045 -0.594539
-0.957794 -1.88678 -0.387157 -0.513261
-0.978222 -1.56807 -0.379608 -0.435706
-0.994488 -1.24358 -0.374235 -0.361079
-1.00663 -0.91474 -0.370903 -0.288556
-1.01468 -0.58293 -0.369505 -0.217316
-1.01866 -0.249482 -0.36997 -0.146552
-1.01857 0.0843045 -0.372263 -0.0754747
-1.01441 0.417147 -0.376383 -0.00330532
-1.00617 0.747762 -0.38237 0.0707265
-0.993812 1.07485 -0.390296 0.147385
-0.977307 1.39709 -0.400267 0.227424
-0.956605 1.71314 -0.412416 0.31156
-0.931657 2.02167 -0.426898 0.400442
-0.902414 2.32141 -0.443871 0.494572
-0.868839 2.61123 -0.46348 0.594214
-0.830932 2.89027 -0.485818 0.699258
-0.788754 3.15804 -0.510882 0.809082
-0.742471 3.41453 -0.538506 0.922457
-0.692399 3.66017 -0.568294 1.03759
-0.639036 3.89553 -0.599562 1.15242
-0.583064 4.12086 -0.631334 1.26517
-0.525299 4.33546 -0.662425 1.37501
-0.466589 4.53735 -0.691577 1.48246
-0.407711 4.72349 -0.717623 1.58925
-0.349301 4.89026 -0.739602 1.69785
-0.291833 5.03416 -0.756797 1.81082
-0.235641 5.15227 -0.768716 1.93033
-0.180958 5.24249 -0.775053 2.05789
-0.12796 5.30359 -0.775633 2.19428
-0.0767929 5.33521 -0.770375 2.3396
-0.0276001 5.33771 -0.759262 2.49326
0.0194645 5.31215 -0.742322 2.65412
0.0642269 5.26019 -0.719612 2.82052
0.10649 5.18403 -0.691212 2.99032
0.14603 5.08635 -0.657214 3.16097
0.182603 4.97025 -0.617717 3.32957
0.215943 4.83916 -0.572819 3.49292
0.245768 4.69679 -0.522609 3.64762
0.271786 4.547 -0.467159 3.79011
0.293699 4.39372 -0.40652 3.91689
0.311217 4.24075 -0.340714 4.02456
0.324067 4.09155 -0.269743 4.11015
0.332019 3.94898 -0.193605 4.17134
0.334926 3.81492 -0.112332 4.20687
0.332789 3.68982 -0.0260741 4.21699
0.325854 3.57239 0.0647811 4.20378
0.314724 3.45961 0.159449 4.17116
0.300436 3.34765 0.256632 4.12392
0.284409 3.23355 0.354564 4.06604
0.268213 3.11677 0.451289 3.99905
0.253248 2.99934 0.545057 3.92181
0.240517 2.88453 0.634606 3.83186
0.230581 2.77525 0.719208 3.72695
0.223636 2.67315 0.798557 3.60599
0.219635 2.57855 0.872612 3.46911
0.218389 2.49075 0.941472 3.31742
0.219636 2.40838 1.00529 3.15263
0.22308 2.32974 1.06425 2.97674
0.228418 2.25307 1.11849 2.79181
0.235353 2.17663 1.16818 2.59982
0.2436 2.09887 1.21343 2.40262
0.252891 2.01842 1.25435 2.20179
0.262978 1.93416 1.29104 1.99871
0.273632 1.84519 1.32357 1.79453
0.284647 1.75085 1.35203 1.59016
0.295839 1.65069 1.37646 1.3863
0.307045 1.54445 1.39693 1.18346
0.318125 1.43204 1.41349 0.981988
0.32896 1.31352 1.42618 0.782088
0.339454 1.18907 1.43504 0.583859
0.349533 1.05895 1.44012 0.387308
0.359143 0.923496 1.44144 0.192385
0.368252 0.783076 1.43903 -0.000997272
0.376849 0.638086 1.43292 -0.192936
0.384941 0.488914 1.42311 -0.383519
0.392559 0.335925 1.40961 -0.572798
0.399748 0.17944 1.39242 -0.760777
0.406577 0.0197231 1.37152 -0.947387
0.413128 -0.143038 1.34691 -1.13247
0.419505 -0.308737 1.31855 -1.31578
0.425823 -0.477359 1.28639 -1.49694
0.432216 -0.648982 1.25039 -1.6755
0.438825 -0.823761 1.2105 -1.85085
0.445799 -1.00192 1.16664 -2.02233
0.453289 -1.18371 1.11875 -2.1892
0.461434 -1.36934 1.06679 -2.35068
0.470351 -1.55896 1.01072 -2.50605
0.480109 -1.75249 0.950563 -2.65471
0.4907 -1.9496 0.88643 -2.79624
0.502004 -2.14962 0.81856 -2.93046
0.513744 -2.3516 0.747374 -3.05738
0.525461 -2.55446 0.673518 -3.177
0.536513 -2.75738 0.597857 -3.28897
0.546125 -2.96013 0.521422 -3.39228
0.553478 -3.16324 0.445293 -3.48513
0.557815 -3.36779 0.370475 -3.56515
0.55852 -3.57502 0.297805 -3.62987
0.555154 -3.78579 0.227917 -3.67727
0.547446 -4.00026 0.161265 -3.70608
0.535263 -4.2178 0.0981665 -3.71595
0.518575 -4.43698 0.0388545 -3.70738
0.497427 -4.65569 -0.0164853 -3.68159
0.471911 -4.8713 -0.0676865 -3.64043
0.442151 -5.08078 -0.114587 -3.58614
0.408292 -5.28083 -0.157022 -3.52131
0.370489 -5.46803 -0.194826 -3.44865
0.328906 -5.63895 -0.227834 -3.37095
0.28371 -5.79031 -0.255894 -3.29087
0.23507 -5.91907 -0.278879 -3.21089
0.183167 -6.02261 -0.296703 -3.13311
0.128199 -6.0989 -0.309347 -3.05912
0.0703962 -6.14662 -0.316889 -2.98989
0.0100502 -6.16531 -0.319542 -2.92564
-0.0524602 -6.15543 -0.3177 -2.8658
-0.116636 -6.11825 -0.311981 -2.80919
-0.18184 -6.05554 -0.303243 -2.75425
-0.247304 -5.9692 -0.292562 -2.69959
-0.312178 -5.86069 -0.281146 -2.64439
-0.375607 -5.73084 -0.270211 -2.58871
-0.436818 -5.57989 -0.260837 -2.53332
-0.49518 -5.40786 -0.253877 -2.4793
-0.550219 -5.21498 -0.249919 -2.42761
-0.601612 -5.0019 -0.249307 -2.37877
-0.649149 -4.76983 -0.252187 -2.3327
-0.6927 -4.52043 -0.258563 -2.28885
-0.73219 -4.25572 -0.268345 -2.24624
-0.767572 -3.97792 -0.281387 -2.20364
-0.798819 -3.68933 -0.297516 -2.15968
-0.825908 -3.39221 -0.316551 -2.11295
-0.848821 -3.08876 -0.338317 -2.06212
-0.867542 -2.781 -0.362654 -2.00593
-0.882053 -2.4708 -0.389421 -1.94327
-0.892334 -2.15986 -0.4185 -1.87321
-0.89837 -1.84964 -0.449796 -1.795
-0.90015 -1.54142 -0.483232 -1.70813
-0.897671 -1.23623 -0.518741 -1.61233
-0.890951 -0.934867 -0.556256 -1.50762
-0.880035 -0.637824 -0.59569 -1.39436
-0.865013 -0.345312 -0.636911 -1.27328
-0.846041 -0.0572344 -0.679712 -1.14547
-0.823355 0.22675 -0.723781 -1.01237
-0.797287 0.507101 -0.768676 -0.875608
-0.768262 0.784189 -0.813819 -0.736796
-0.736778 1.05805 -0.858525 -0.597244
-0.703363 1.32818 -0.902051 -0.457742
-0.668529 1.59349 -0.943664 -0.318455
-0.632725 1.8524 -0.982697 -0.178989
-0.596316 2.103 -1.01859 -0.0385579
-0.559575 2.3433 -1.05091 0.103816
-0.522697 2.57138 -1.0793 0.249141
-0.485814 2.7855 -1.10353 0.398348
-0.449015 2.9841 -1.1234 0.552243
-0.412367 3.16589 -1.13878 0.711483
-0.375925 3.32979 -1.14956 0.876571
-0.339746 3.47492 -1.15566 1.04786
-0.303897 3.60066 -1.157 1.22553
-0.268461 3.70658 -1.15352 1.40959
-0.233542 3.79252 -1.14517 1.59988
-0.199268 3.85855 -1.13192 1.79599
-0.165794 3.90507 -1.11371 1.99729
-0.133299 3.93276 -1.09054 2.20287
-0.101992 3.94264 -1.06237 2.41152
-0.0721088 3.93611 -1.0292 2.62171
-0.0439114 3.91493 -0.991001 2.83159
-0.0176864 3.88122 -0.947771 3.03894
0.00625693 3.83748 -0.899488 3.24124
0.0275892 3.78655 -0.846117 3.43564
0.0459643 3.73154 -0.787608 3.61906
0.0610241 3.67575 -0.723881 3.78824
0.0724058 3.62254 -0.654829 3.9399
0.0797553 3.57509 -0.580315 4.07096
0.0827511 3.53611 -0.500193 4.17885
0.0811493 3.50733 -0.414352 4.26198
0.0748626 3.48895 -0.322807 4.32033
0.0640868 3.47908 -0.225859 4.35602
0.0494637 3.47365 -0.12431 4.37328
0.032207 3.46766 -0.0196483 4.37733
0.0140468 3.45764 0.0860057 4.37179
-0.00309532 3.44382 0.19029 4.3565
-0.0175528 3.43 0.291161 4.32771
-0.0282019 3.42111 0.387241 4.28043
-0.0344808 3.42091 0.47782 4.21084
-0.0362493 3.43102 0.562659 4.11726
-0.033629 3.45105 0.641782 3.99999
-0.0268827 3.47919 0.715321 3.86077
-0.0163417 3.51279 0.783439 3.70221
-0.00236395 3.54878 0.846284 3.52733
0.0146873 3.58401 0.903978 3.3393
0.0344559 3.61538 0.956614 3.1412
0.0565993 3.64003 1.00426 2.93593
0.0807926 3.65539 1.04696 2.7261
0.106732 3.65923 1.08476 2.51405
0.134136 3.64965 1.11768 2.30177
0.162747 3.62513 1.14576 2.09091
0.192336 3.5845 1.16902 1.88282
0.222697 3.52691 1.18749 1.67856
0.253653 3.4518 1.20122 1.4789
0.285052 3.35892 1.21024 1.28437
0.316769 3.24823 1.21461 1.09531
0.348703 3.11993 1.21438 0.911871
0.380772 2.97439 1.20961 0.734049
0.412917 2.81215 1.20036 0.561726
0.445091 2.63391 1.1867 0.394675
0.477259 2.4405 1.16872 0.232579
0.509385 2.23289 1.14651 0.0750323
0.541431 2.0122 1.12017 -0.0784515
0.573336 1.77969 1.08987 -0.228442
0.60501 1.53679 1.05579 -0.375584
0.63631 1.28505 1.01821 -0.520567
0.667027 1.02607 0.977478 -0.664068
0.696873 0.761454 0.934045 -0.806643
0.725476 0.492603 0.888467 -0.948585
0.752395 0.220578 0.841384 -1.08977
0.777144 -0.054023 0.793478 -1.22959
0.799241 -0.331076 0.745419 -1.3669
0.818242 -0.610823 0.697814 -1.50026
0.833774 -0.893674 0.651166 -1.62807
0.84555 -1.18001 0.605868 -1.74884
0.853364 -1.47 0.562208 -1.86134
0.857081 -1.76356 0.520393 -1.96467
0.856619 -2.06025 0.480575 -2.05835
0.851936 -2.35933 0.442874 -2.14225
0.843016 -2.65976 0.407401 -2.21656
0.829861 -2.96021 0.374266 -2.28179
0.812487 -3.25911 0.343593 -2.33872
0.790913 -3.55463 0.315518 -2.38834
0.765166 -3.84477 0.290195 -2.43184
0.735277 -4.12732 0.267788 -2.47057
0.701282 -4.39996 0.24847 -2.50598
0.663226 -4.66028 0.232407 -2.53953
0.621169 -4.90592 0.219746 -2.57265
0.575193 -5.13463 0.210592 -2.60656
0.525422 -5.34442 0.204978 -2.64223
0.472042 -5.53369 0.202825 -2.68017
0.415326 -5.70134 0.203898 -2.7204
0.355667 -5.84677 0.207759 -2.76245
0.293596 -5.96977 0.213736 -2.80551
0.229786 -6.0702 0.220926 -2.84876
0.165016 -6.14772 0.228252 -2.89178
0.100111 -6.20151 0.234561 -2.93477
0.035865 -6.23032 0.23875 -2.97854
-0.0270187 -6.23277 0.239868 -3.02429
-0.0879606 -6.20774 0.237177 -3.0731
-0.146505 -6.1547 0.230159 -3.12566
-0.202301 -6.07393 0.218493 -3.18201
-0.255074 -5.96647 0.202019 -3.24149
-0.304604 -5.83412 0.180696 -3.30284
-0.3507 -5.67923 0.154568 -3.36425
-0.393195 -5.50462 0.123736 -3.42356
-0.431932 -5.31335 0.0883376 -3.47837
-0.466764 -5.10864 0.0485323 -3.52616
-0.497556 -4.89373 0.00448908 -3.56445
-0.524186 -4.67172 -0.043619 -3.59092
-0.546551 -4.44549 -0.0956166 -3.60348
-0.564581 -4.21756 -0.151322 -3.60046
-0.578247 -3.99001 -0.210535 -3.58069
-0.587583 -3.7643 -0.273019 -3.54362
-0.592708 -3.54129 -0.338466 -3.48944
-0.593852 -3.32111 -0.406466 -3.41908
-0.59138 -3.10331 -0.476467 -3.33414
-0.585798 -2.88707 -0.547759 -3.23666
-0.577734 -2.6715 -0.619491 -3.12878
-0.567883 -2.45609 -0.690729 -3.01229
-0.556928 -2.24082 -0.760554 -2.88846
-0.545467 -2.02619 -0.828149 -2.75795
-0.533961 -1.81302 -0.892865 -2.62108
-0.52272 -1.60215 -0.954238 -2.47798
-0.511914 -1.3943 -1.01197 -2.32886
-0.501604 -1.18996 -1.06589 -2.17402
-0.491773 -0.989413 -1.11592 -2.01391
-0.482349 -0.792772 -1.16205 -1.84908
-0.473231 -0.600049 -1.20428 -1.68009
-0.464305 -0.411218 -1.24267 -1.50752
-0.455449 -0.226255 -1.27723 -1.33188
-0.446546 -0.0451768 -1.30802 -1.15362
-0.437488 0.131945 -1.33506 -0.973105
-0.428178 0.304968 -1.35839 -0.790589
-0.418532 0.473683 -1.378 -0.606251
-0.408485 0.637814 -1.39393 -0.420184
-0.397985 0.797029 -1.40615 -0.232408
-0.387002 0.950956 -1.41467 -0.042889
-0.375522 1.09919 -1.41947 0.148448
-0.363552 1.24133 -1.42052 0.341695
-0.351117 1.37696 -1.41779 0.536943
-0.338267 1.50574 -1.41125 0.734257
-0.325069 1.62736 -1.40086 0.933649
-0.311613 1.74159 -1.38657 1.13506
-0.298011 1.84834 -1.36833 1.33831
-0.284399 1.94764 -1.3461 1.54311
-0.270934 2.03969 -1.31982 1.749
-0.257794 2.12488 -1.28942 1.95533
-0.245182 2.20382 -1.25484 2.16125
-0.233322 2.27737 -1.216 2.36566
-0.222459 2.34661 -1.17283 2.56724
-0.212858 2.41289 -1.12523 2.7644
-0.204805 2.4778 -1.07308 2.95532
-0.198597 2.54311 -1.01625 3.13799
-0.194547 2.61074 -0.954595 3.31022
-0.192963 2.68263 -0.887943 3.46984
-0.194141 2.76051 -0.816129 3.6148
-0.198328 2.84568 -0.73901 3.7435
-0.205672 2.93858 -0.65653 3.85511
-0.216135 3.03842 -0.568819 3.94998
-0.229384 3.14295 -0.476341 4.02982
-0.244665 3.24887 -0.380055 4.0973
-0.260766 3.35306 -0.281476 4.15477
-0.27614 3.45437 -0.182529 4.20252
-0.289205 3.55449 -0.0851834 4.23793
-0.298658 3.65707 0.00894103 4.25646
-0.303636 3.76584 0.098757 4.25349
-0.303702 3.88319 0.183668 4.22586
-0.298736 4.00962 0.263414 4.17236
-0.288822 4.144 0.337921 4.09353
-0.274159 4.28395 0.40719 3.99121
-0.255011 4.42627 0.471239 3.86812
-0.231672 4.56733 0.530071 3.7275
-0.204448 4.70328 0.583664 3.57282
-0.173644 4.83025 0.631972 3.40763
-0.139557 4.9445 0.674929 3.2354
-0.102471 5.04252 0.712456 3.05941
-0.0626501 5.12113 0.744467 2.88267
-0.0203375 5.17751 0.770881 2.70786
0.0242489 5.20931 0.791623 2.53729
0.0709162 5.21465 0.806634 2.37282
0.119496 5.1922 0.815877 2.21587
0.169838 5.14122 0.819347 2.06736
0.221803 5.0616 0.817081 1.92763
0.275248 4.95398 0.809177 1.79645
0.330001 4.81973 0.795826 1.67291
0.385833 4.66106 0.777343 1.55549
0.442416 4.48088 0.754213 1.44208
0.499294 4.2826 0.727137 1.33026
0.555858 4.06967 0.697036 1.21775
0.611368 3.84502 0.665019 1.10296
0.665019 3.61054 0.632276 0.985488
0.716036 3.36692 0.599933 0.866133
0.763765 3.114 0.568917 0.746591
0.807725 2.85125 0.539888 0.62884
0.847604 2.57827 0.513237 0.514632
0.883237 2.29503 0.489136 0.405212
0.914557 2.00192 0.467603 0.30126
0.941559 1.69971 0.448563 0.202972
0.964274 1.38942 0.431892 0.110184
0.982747 1.07218 0.417451 0.0224881
0.997024 0.74925 0.405107 -0.0606725
1.00715 0.421868 0.394749 -0.139943
1.01316 0.0912999 0.386291 -0.21602
1.01508 -0.241193 0.37968 -0.289627
1.01292 -0.574341 0.374899 -0.361518
1.0067 -0.906854 0.371966 -0.432469
0.996388 -1.2374 0.370936 -0.503287
0.981982 -1.5646 0.3719 -0.574812
0.963447 -1.887 0.374979 -0.647912
0.940746 -2.20309 0.380325 -0.723464
0.913833 -2.51133 0.388112 -0.802323
0.882661 -2.81018 0.398522 -0.88526
0.847191 -3.09819 0.41173 -0.972867
0.807408 -3.3741 0.427874 -1.06543
0.763347 -3.63699 0.447012 -1.16278
0.715128 -3.88643 0.469064 -1.26414
0.663004 -4.12251 0.493735 -1.36808
0.607407 -4.3457 0.520453 -1.47269
0.548965 -4.55641 0.548329 -1.57606
0.488481 -4.75443 0.576201 -1.67689
0.426845 -4.93836 0.602758 -1.77515
0.364923 -5.10554 0.626707 -1.87219
0.303461 -5.25253 0.646933 -1.97033
0.243038 -5.37579 0.662572 -2.07222
0.184075 -5.47227 0.673022 -2.18021
0.126867 -5.53978 0.677899 -2.29594
0.0716314 -5.57714 0.676988 -2.42028
0.0185402 -5.58411 0.670193 -2.55325
-0.0322475 -5.56129 0.657498 -2.69414
-0.0805689 -5.51007 0.638945 -2.84159
-0.126247 -5.43245 0.614612 -2.99369
-0.169085 -5.33101 0.5846 -3.14805
-0.208866 -5.20876 0.549028 -3.30188
-0.245353 -5.0691 0.508018 -3.45208
-0.278295 -4.9157 0.461687 -3.59531
-0.307427 -4.75243 0.410145 -3.72813
-0.332482 -4.58319 0.353481 -3.84704
-0.353195 -4.41181 0.291765 -3.94872
-0.369315 -4.24187 0.225043 -4.03012
-0.380625 -4.07644 0.153352 -4.08877
-0.386971 -3.91782 0.0767478 -4.12303
-0.388309 -3.76717 -0.00464225 -4.13249
-0.384781 -3.62418 -0.0905245 -4.11831
-0.376804 -3.48694 -0.180315 -4.08334
-0.365153 -3.35239 -0.273017 -4.03169
-0.350974 -3.21742 -0.36719 -3.96758
-0.335654 -3.08035 -0.461093 -3.89382
-0.320571 -2.94176 -0.552992 -3.81094
-0.306842 -2.80392 -0.641474 -3.71763
-0.295205 -2.66955 -0.725589 -3.61204
-0.286023 -2.54072 -0.804831 -3.49283
-0.279385 -2.41842 -0.879011 -3.35965
-0.275197 -2.30259 -0.948135 -3.21305
-0.273258 -2.19246 -1.01231 -3.05426
-0.27332 -2.08684 -1.07168 -2.8849
-0.27511 -1.98433 -1.1264 -2.70671
-0.278354 -1.88351 -1.17662 -2.52144
-0.282784 -1.78306 -1.22246 -2.33072
-0.288148 -1.68182 -1.26405 -2.13601
-0.29421 -1.57879 -1.30149 -1.93859
-0.300752 -1.4732 -1.33485 -1.7395
-0.307579 -1.36447 -1.36422 -1.5396
-0.314514 -1.25222 -1.38966 -1.33955
-0.321402 -1.13623 -1.41123 -1.13982
-0.32811 -1.01643 -1.42896 -0.940739
-0.334526 -0.892913 -1.44291 -0.74251
-0.340558 -0.765843 -1.45311 -0.545218
-0.346137 -0.635492 -1.45958 -0.348866
-0.351215 -0.502187 -1.46236 -0.153402
-0.355762 -0.366294 -1.46145 0.0412668
-0.359772 -0.228194 -1.45687 0.235242
-0.363259 -0.0882625 -1.44862 0.428615
-0.366256 0.0531542 -1.43671 0.621448
-0.368817 0.195758 -1.42111 0.813746
-0.371016 0.339317 -1.4018 1.00544
-0.372945 0.483689 -1.37877 1.19638
-0.374718 0.628831 -1.35197 1.38628
-0.376465 0.774818 -1.32136 1.57474
-0.378336 0.921848 -1.28687 1.76124
-0.380497 1.07025 -1.24844 1.94508
-0.383128 1.22047 -1.20598 2.12546
-0.386419 1.37308 -1.15941 2.3014
-0.39057 1.52869 -1.10861 2.47185
-0.395774 1.68795 -1.0535 2.63572
-0.402211 1.85139 -0.993992 2.79193
-0.410021 2.01938 -0.930027 2.93956
-0.419273 2.19188 -0.861635 3.07797
-0.429919 2.36839 -0.788968 3.20694
-0.441738 2.54784 -0.712382 3.32665
-0.45428 2.72876 -0.632502 3.43761
-0.466841 2.90975 -0.550262 3.54013
-0.4785 3.09003 -0.466861 3.63377
-0.488235 3.27001 -0.383618 3.71687
-0.495078 3.45109 -0.30179 3.78675
-0.498239 3.63517 -0.22241 3.8403
-0.497168 3.82378 -0.146235 3.87482
-0.491543 4.01761 -0.0737677 3.88857
-0.481228 4.21628 -0.00532561 3.88094
-0.466214 4.4184 0.0588859 3.85246
-0.446582 4.62177 0.118718 3.80454
-0.422468 4.82354 0.174041 3.73926
-0.39404 5.02042 0.224726 3.65924
-0.361486 5.20887 0.270634 3.56737
-0.325 5.38521 0.311617 3.46673
-0.28478 5.54578 0.347519 3.36043
-0.241018 5.68706 0.378187 3.25148
-0.193904 5.80578 0.40348 3.14267
-0.143618 5.8991 0.423279 3.03647
-0.0903437 5.96469 0.437511 2.93486
-0.0342715 6.00094 0.446163 2.83922
0.0243797 6.00705 0.449321 2.75019
0.0853361 5.98322 0.447208 2.66758
0.148234 5.93062 0.440232 2.59036
0.212584 5.85134 0.429038 2.51677
0.277741 5.74797 0.414528 2.44474
0.342913 5.6231 0.397847 2.37245
0.407216 5.47869 0.380285 2.29889
0.469761 5.31578 0.363128 2.22416
0.529756 5.13459 0.347506 2.14929
0.586575 4.93497 0.334283 2.07573
0.639772 4.71694 0.324029 2.00481
0.689063 4.48093 0.317049 1.93732
0.734286 4.22798 0.313443 1.87346
0.77536 3.95956 0.313174 1.81286
0.812254 3.67748 0.316115 1.75475
0.844962 3.38374 0.322094 1.69806
0.87349 3.08041 0.330921 1.64162
0.897848 2.7695 0.342409 1.58419
0.918042 2.45298 0.356381 1.5246
0.934075 2.13264 0.372683 1.4617
0.945943 1.8102 0.39119 1.39448
0.953636 1.48719 0.411804 1.32204
0.957139 1.16502 0.434457 1.24359
0.95643 0.84498 0.459113 1.1585
0.951488 0.528195 0.485756 1.06629
0.942293 0.215657 0.514394 0.966653
0.928834 -0.0918197 0.545036 0.859511
0.911121 -0.393631 0.577681 0.745066
0.8892 -0.68943 0.612289 0.623858
0.863174 -0.979164 0.648747 0.496816
0.833232 -1.26307 0.686825 0.365265
0.799669 -1.54157 0.726144 0.230835
0.762899 -1.81511 0.766144 0.0952392
0.723446 -2.08378 0.8061 -0.0400538
0.681902 -2.3471 0.845174 -0.174163
0.638872 -2.60377 0.882489 -0.306999
0.594911 -2.85184 0.917225 -0.439245
0.550483 -3.08885 0.948674 -0.572143
0.505946 -3.31222 0.976274 -0.707192
0.46156 -3.51949 0.999598 -0.845896
0.417511 -3.70848 1.01834 -0.989586
0.373929 -3.87741 1.03227 -1.13933
0.330918 -4.02486 1.04124 -1.29591
0.288572 -4.14983 1.04514 -1.45979
0.246985 -4.25167 1.04389 -1.63115
0.206266 -4.33015 1.03743 -1.80985
0.166543 -4.38538 1.02573 -1.99547
0.127969 -4.41785 1.00878 -2.18725
0.0907225 -4.42845 0.986546 -2.38409
0.0550104 -4.41849 0.95905 -2.58457
0.0210673 -4.38964 0.926297 -2.7869
-0.010846 -4.34402 0.888303 -2.98891
-0.0404441 -4.28411 0.845084 -3.18812
-0.0674195 -4.21278 0.796651 -3.3817
-0.0914464 -4.1332 0.743003 -3.56653
-0.112185 -4.04882 0.68412 -3.7393
-0.129287 -3.96319 0.619957 -3.89657
-0.142404 -3.87987 0.550439 -4.03499
-0.151205 -3.80214 0.475468 -4.15147
-0.155401 -3.73271 0.394947 -4.24358
-0.154797 -3.67318 0.308823 -4.31002
-0.149374 -3.62355 0.217196 -4.35113
-0.139415 -3.58171 0.120477 -4.36943
-0.125657 -3.54363 0.019589 -4.36937
-0.10938 -3.50471 -0.0838925 -4.356
-0.0923017 -3.46216 -0.187851 -4.33255
-0.0762401 -3.41666 -0.290046 -4.2987
-0.0627098 -3.37189 -0.38861 -4.25107
-0.0526969 -3.33222 -0.482321 -4.18554
-0.0466721 -3.30076 -0.570567 -4.09913
-0.0447276 -3.27872 -0.653157 -3.99077
-0.0467232 -3.26557 -0.730132 -3.86108
-0.0523932 -3.25958 -0.801632 -3.71187
-0.0614118 -3.25833 -0.867824 -3.54564
-0.0734306 -3.25909 -0.928866 -3.36521
-0.0880986 -3.25909 -0.984893 -3.17342
-0.105073 -3.2557 -1.03602 -2.97303
-0.124027 -3.2465 -1.08233 -2.76656
-0.14465 -3.22936 -1.12389 -2.55628
-0.166653 -3.20247 -1.16077 -2.34413
-0.189772 -3.16435 -1.19302 -2.13179
-0.213762 -3.11383 -1.2207 -1.92059
-0.238406 -3.05007 -1.24383 -1.71161
-0.263512 -2.97247 -1.26249 -1.50566
-0.28891 -2.88072 -1.27672 -1.30332
-0.314459 -2.77471 -1.28657 -1.10498
-0.340039 -2.65452 -1.2921 -0.910859
-0.365554 -2.52039 -1.29337 -0.721052
-0.390931 -2.37269 -1.29044 -0.535546
-0.416114 -2.21188 -1.28336 -0.354255
-0.44107 -2.03851 -1.27219 -0.177046
-0.465776 -1.85318 -1.25698 -0.00375429
-0.490226 -1.65656 -1.2378 0.165799
-0.51442 -1.44932 -1.2147 0.3318
-0.538359 -1.23223 -1.18774 0.494437
-0.562044 -1.00607 -1.15702 0.653906
-0.585457 -0.771705 -1.12261 0.810411
-0.60856 -0.530073 -1.08467 0.964168
-0.631272 -0.282185 -1.04337 1.1154
-0.653461 -0.0291156 -0.998957 1.26433
-0.674926 0.228042 -0.951772 1.41111
-0.695389 0.488263 -0.902238 1.55574
-0.714494 0.7507 -0.850877 1.69798
-0.731826 1.01479 -0.798281 1.83726
-0.746935 1.28031 -0.745077 1.9726
-0.759373 1.54737 -0.691886 2.10271
-0.76873 1.81627 -0.639273 2.2261
-0.774661 2.08735 -0.587727 2.34128
-0.776893 2.36079 -0.537642 2.44696
-0.77523 2.63654 -0.489335 2.54213
-0.769537 2.91419 -0.443056 2.6262
-0.759734 3.19295 -0.39901 2.69897
-0.74578 3.47168 -0.357375 2.76066
-0.727668 3.74889 -0.318317 2.81183
-0.705409 4.0228 -0.281999 2.85338
-0.679037 4.29134 -0.248585 2.88647
-0.648595 4.55223 -0.218242 2.91248
-0.614145 4.80302 -0.191135 2.93294
-0.575757 5.04121 -0.167416 2.94944
-0.533525 5.26425 -0.147217 2.96358
-0.487564 5.46975 -0.130628 2.97681
-0.438027 5.65552 -0.117673 2.99034
-0.385117 5.81975 -0.108281 3.00504
-0.329113 5.9611 -0.102248 3.02135
-0.270384 6.07871 -0.0992037 3.03921
-0.209416 6.17219 -0.0985834 3.05823
-0.146808 6.24144 -0.0996241 3.07784
-0.0832624 6.28636 -0.101398 3.09758
-0.0195349 6.30672 -0.102883 3.11736
0.0436183 6.30201 -0.10306 3.1375
0.105499 6.27161 -0.101007 3.15866
0.165506 6.21504 -0.0959691 3.18153
0.223148 6.13225 -0.0873813 3.20655
0.278037 6.02375 -0.0748679 3.23372
0.329872 5.89068 -0.058215 3.26247
0.378416 5.73481 -0.0373369 3.29175
0.423476 5.55836 -0.0122437 3.32004
0.464894 5.36392 0.0169874 3.34553
0.502534 5.15428 0.0502339 3.36624
0.536278 4.93232 0.0873451 3.38011
0.566024 4.70089 0.128154 3.38514
0.591691 4.46268 0.172483 3.3795
0.613219 4.22015 0.220149 3.36162
0.630577 3.97544 0.270956 3.33026
0.643775 3.73028 0.324691 3.28463
0.652875 3.48596 0.381108 3.22445
0.658004 3.24323 0.439905 3.14997
0.659376 3.00237 0.500703 3.06202
0.657296 2.76322 0.563025 2.96189
0.65217 2.52537 0.626289 2.85119
0.644483 2.28833 0.689815 2.73161
0.634768 2.05177 0.75287 2.60471
0.623556 1.8157 0.814718 2.4717
0.611328 1.58047 0.874687 2.33341
0.598478 1.34666 0.932209 2.19032
0.585296 1.11501 0.986844 2.04274
0.571971 0.88623 1.03827 1.89089
0.558606 0.66096 1.08628 1.73497
0.545233 0.439727 1.13074 1.57523
0.531841 0.222961 1.17157 1.41194
0.518385 0.0110218 1.20874 1.24538
0.504805 -0.195771 1.24221 1.07582
0.491033 -0.397107 1.272 0.903486
0.477 -0.592664 1.29808 0.72856
0.462645 -0.782094 1.32047 0.551165
0.447914 -0.965017 1.33914 0.371362
0.432768 -1.14102 1.35409 0.189157
0.41718 -1.30966 1.36528 0.00450812
0.401143 -1.47049 1.3727 -0.182662
0.384664 -1.62305 1.37631 -0.372448
0.367771 -1.7669 1.37606 -0.564943
0.350512 -1.90164 1.37192 -0.760216
0.332954 -2.02694 1.36383 -0.958286
0.315187 -2.14253 1.35174 -1.1591
0.297324 -2.24831 1.33561 -1.36249
0.279498 -2.34427 1.31537 -1.56817
0.261869 -2.43061 1.29097 -1.77567
0.244616 -2.50772 1.26234 -1.98435
0.227943 -2.57624 1.22943 -2.19333
0.212078 -2.63704 1.19217 -2.40149
0.197268 -2.69128 1.15048 -2.60747
0.183784 -2.74039 1.10428 -2.80962
0.171916 -2.78606 1.05347 -3.00601
0.161969 -2.83023 0.997933 -3.19452
0.154264 -2.87505 0.937545 -3.3728
0.149124 -2.9227 0.872147 -3.53844
0.146867 -2.97534 0.801575 -3.68907
0.147778 -3.03475 0.725672 -3.82267
0.152069 -3.10205 0.644335 -3.93785
0.159807 -3.17719 0.557591 -4.03434
0.17081 -3.25867 0.465737 -4.11328
0.184514 -3.34346 0.369501 -4.17721
0.199883 -3.42797 0.270183 -4.22918
0.215445 -3.5098 0.169613 -4.27093
0.229536 -3.58925 0.0698573 -4.30142
0.240652 -3.66936 -0.0272175 -4.31685
0.247702 -3.75415 -0.120252 -4.31247
0.250067 -3.84678 -0.208441 -4.28441
0.24751 -3.9486 -0.291408 -4.23072
0.240052 -4.05913 -0.369027 -4.15134
0.227867 -4.17644 -0.441298 -4.04774
0.211215 -4.29762 -0.508257 -3.92241
0.190395 -4.41922 -0.569939 -3.77845
0.165725 -4.53751 -0.626355 -3.61928
0.137525 -4.64871 -0.677493 -3.44842
0.106111 -4.74916 -0.72332 -3.26932
0.0717826 -4.83542 -0.763786 -3.08523
0.0348257 -4.90437 -0.798834 -2.89917
-0.00449714 -4.95323 -0.828405 -2.71382
-0.0459472 -4.97967 -0.852445 -2.5315
-0.0893115 -4.9818 -0.870912 -2.35413
-0.134403 -4.95821 -0.883779 -2.18323
-0.181059 -4.90799 -0.891037 -2.01989
-0.229136 -4.83078 -0.892709 -1.86472
-0.278501 -4.72676 -0.888854 -1.7179
-0.329022 -4.59675 -0.879584 -1.57906
-0.38054 -4.44218 -0.865084 -1.44734
-0.432855 -4.26515 -0.845645 -1.32135
-0.485682 -4.06832 -0.821697 -1.19928
-0.538631 -3.8548 -0.793845 -1.07902
-0.59118 -3.62776 -0.762884 -0.958577
-0.642687 -3.38997 -0.729779 -0.836475
-0.692434 -3.14343 -0.695586 -0.712156
-0.739707 -2.88909 -0.661345 -0.586134
-0.783873 -2.62706 -0.627951 -0.459782
-0.824436 -2.35697 -0.596085 -0.334889
-0.861055 -2.07842 -0.566191 -0.213186
-0.893525 -1.79123 -0.538507 -0.0960442
-0.921746 -1.49559 -0.513115 0.0156424
-0.945685 -1.192 -0.489997 0.121435
-0.965352 -0.881242 -0.469079 0.221262
-0.980776 -0.564271 -0.450266 0.315323
-0.991996 -0.24215 -0.433465 0.404003
-0.99905 0.0839866 -0.418597 0.487815
-1.00197 0.412957 -0.40561 0.567358
-1.00077 0.743535 -0.39448 0.643304
-0.995482 1.07445 -0.385219 0.716382
-0.986098 1.40437 -0.377872 0.787379
-0.972615 1.73189 -0.372519 0.857141
-0.95502 2.05552 -0.369272 0.92657
-0.933286 2.37368 -0.368273 0.996615
-0.907383 2.68473 -0.369689 1.06824
-0.877274 2.98697 -0.373704 1.14241
-0.842925 3.27872 -0.380501 1.21997
-0.804315 3.55838 -0.390247 1.30159
-0.761454 3.82461 -0.403059 1.3876
-0.714411 4.07642 -0.418953 1.47785
-0.663351 4.31331 -0.437789 1.57159
-0.608581 4.53531 -0.459197 1.66744
-0.55059 4.74274 -0.482518 1.76364
-0.490059 4.93578 -0.506786 1.85855
-0.42782 5.1139 -0.530792 1.95129
-0.364765 5.27543 -0.55322 2.0422
-0.301743 5.41763 -0.572816 2.13285
-0.23947 5.53722 -0.588519 2.22558
-0.178501 5.63103 -0.599529 2.3228
-0.119242 5.69653 -0.605295 2.42651
-0.0619866 5.73215 -0.605479 2.5379
-0.00695647 5.7373 -0.599903 2.65737
0.0456627 5.71233 -0.588499 2.78448
0.0956975 5.65846 -0.571279 2.91805
0.142971 5.5776 -0.548307 3.05631
0.187294 5.47225 -0.519683 3.19697
0.228461 5.3454 -0.485526 3.33731
0.266253 5.20042 -0.445966 3.47429
0.300436 5.04097 -0.401136 3.60467
0.330768 4.87084 -0.351159 3.72508
0.357004 4.69388 -0.296147 3.83216
0.378905 4.51384 -0.236192 3.92268
0.396248 4.33419 -0.171372 3.99377
0.408849 4.15792 -0.10176 4.04308
0.416581 3.98729 -0.0274516 4.06906
0.41943 3.82351 0.0513872 4.0713
0.417549 3.66647 0.134437 4.05079
0.411337 3.5147 0.221118 4.00999
0.401508 3.36569 0.310498 3.9525
0.389096 3.21683 0.40126 3.88209
0.375344 3.06658 0.491829 3.80148
0.361502 2.91517 0.580617 3.71159
0.348611 2.76434 0.666294 3.61174
0.337386 2.61629 0.747927 3.50067
0.328213 2.47284 0.824975 3.37736
0.321215 2.33496 0.897203 3.24156
0.31634 2.20274 0.96457 3.09374
0.313427 2.07566 1.02714 2.93497
0.312258 1.95277 1.08504 2.76665
0.312589 1.83295 1.13839 2.59031
0.314169 1.71504 1.18734 2.40748
0.316754 1.59794 1.23201 2.21962
0.320109 1.48069 1.27249 2.02802
0.324015 1.36248 1.30891 1.8338
0.328272 1.24269 1.34132 1.63787
0.332698 1.12088 1.36982 1.441
0.337131 0.996762 1.39445 1.24374
0.34143 0.870214 1.41527 1.04651
0.345472 0.741248 1.43233 0.84957
0.349159 0.609995 1.44566 0.653079
0.35241 0.476676 1.45528 0.457089
0.355165 0.34159 1.46123 0.261583
0.357388 0.205083 1.46351 0.0664933
0.35906 0.0675315 1.46214 -0.128277
0.360183 -0.0706817 1.45712 -0.32283
0.360782 -0.209189 1.44845 -0.517249
0.360899 -0.347661 1.43611 -0.711582
0.360597 -0.485822 1.42008 -0.905812
0.359962 -0.623477 1.40034 -1.09984
0.359097 -0.760529 1.37685 -1.29348
0.358126 -0.896993 1.34957 -1.4864
0.35719 -1.03302 1.31844 -1.67814
0.356453 -1.16889 1.28341 -1.8681
0.356093 -1.30505 1.24439 -2.05549
0.356307 -1.44208 1.20129 -2.2394
0.357301 -1.5807 1.15402 -2.41873
0.359295 -1.72171 1.10247 -2.59228
0.362505 -1.86598 1.04652 -2.75876
0.367141 -2.01428 0.986055 -2.91691
0.373377 -2.16724 0.921005 -3.0656
0.381326 -2.32509 0.851348 -3.20398
0.390993 -2.48754 0.777179 -3.33168
0.40221 -2.6536 0.698788 -3.44887
0.414571 -2.82174 0.616747 -3.55622
0.427388 -2.99023 0.531964 -3.65441
0.439709 -3.1579 0.445673 -3.74346
0.45043 -3.32482 0.35929 -3.82211
0.458469 -3.49239 0.274205 -3.88771
0.462924 -3.66272 0.191584 -3.93694
0.463161 -3.83775 0.112278 -3.96674
0.458807 -4.01852 0.0368442 -3.97501
0.449703 -4.20491 -0.0343814 -3.96093
0.435839 -4.39566 -0.101196 -3.92492
0.417305 -4.58861 -0.163466 -3.86837
0.394253 -4.78087 -0.221079 -3.79345
0.36687 -4.96911 -0.273927 -3.70285
0.335363 -5.14972 -0.321886 -3.59958
0.299947 -5.31894 -0.364825 -3.48685
0.260837 -5.47305 -0.4026 -3.36788
0.218244 -5.60846 -0.435067 -3.24579
0.172369 -5.72183 -0.462085 -3.1235
0.123403 -5.81024 -0.483536 -3.00361
0.0715302 -5.87124 -0.499329 -2.88827
0.0169335 -5.90306 -0.509425 -2.77907
-0.0401909 -5.90469 -0.513861 -2.67692
-0.0996122 -5.87606 -0.512783 -2.58191
-0.161033 -5.81809 -0.50649 -2.49332
-0.224053 -5.73268 -0.495488 -2.40958
-0.288128 -5.62246 -0.480527 -2.32859
-0.35256 -5.4904 -0.462619 -2.24816
-0.416515 -5.33908 -0.442983 -2.16667
-0.4791 -5.17025 -0.422927 -2.08351
-0.53946 -4.98462 -0.403689 -1.99928
-0.596876 -4.78221 -0.38629 -1.91531
-0.650808 -4.56282 -0.371462 -1.83319
-0.700896 -4.32654 -0.359644 -1.75416
-0.746927 -4.07396 -0.351037 -1.67889
-0.788795 -3.80618 -0.345664 -1.60745
-0.826458 -3.5247 -0.343437 -1.53942
-0.859913 -3.23129 -0.344203 -1.47399
-0.889174 -2.92783 -0.34778 -1.41019
-0.914261 -2.61622 -0.353979 -1.34691
-0.935194 -2.29831 -0.362621 -1.28305
-0.951987 -1.97587 -0.373546 -1.21753
-0.964648 -1.65054 -0.386621 -1.14936
-0.973176 -1.32386 -0.401743 -1.0776
-0.977564 -0.997251 -0.41884 -1.00145
-0.977794 -0.672025 -0.437872 -0.920168
-0.973846 -0.349402 -0.45883 -0.833143
-0.965692 -0.0305007 -0.481732 -0.739879
-0.953306 0.283668 -0.506613 -0.640028
-0.936667 0.592229 -0.53352 -0.533431
-0.915771 0.894482 -0.562487 -0.42018
-0.890646 1.18996 -0.593512 -0.300686
-0.861378 1.47849 -0.626521 -0.175752
-0.828131 1.76018 -0.661323 -0.046596
-0.791184 2.0354 -0.697567 0.0852094
-0.750942 2.30456 -0.734708 0.217945
-0.707935 2.56778 -0.772008 0.350093
-0.662783 2.82457 -0.808587 0.480722
-0.616132 3.0736 -0.843506 0.609758
-0.568587 3.31275 -0.875869 0.737989
-0.520661 3.53936 -0.904897 0.866839
-0.472755 3.75062 -0.929966 0.998027
-0.425165 3.94386 -0.950605 1.13325
-0.378104 4.11678 -0.966476 1.27399
-0.331726 4.26752 -0.977345 1.42137
-0.286155 4.39473 -0.98305 1.57616
-0.241504 4.49754 -0.983484 1.73872
-0.197886 4.57553 -0.978579 1.90905
-0.155432 4.62875 -0.968293 2.08678
-0.114291 4.65769 -0.952607 2.27116
-0.074637 4.66327 -0.931519 2.46107
-0.0366719 4.64685 -0.905042 2.65502
-0.000623758 4.61021 -0.873197 2.85114
0.0332528 4.55558 -0.836015 3.0472
0.0646789 4.48557 -0.793527 3.24059
0.0933544 4.40316 -0.745761 3.4284
0.118962 4.31165 -0.692734 3.60745
0.141169 4.21457 -0.634446 3.77436
0.15964 4.11556 -0.570873 3.92565
0.17404 4.01824 -0.501964 4.05797
0.184053 3.92593 -0.42765 4.16823
0.189409 3.84135 -0.347862 4.25406
0.189934 3.76614 -0.262582 4.31417
0.185628 3.70039 -0.171941 4.34891
0.176789 3.64217 -0.0763741 4.36068
0.164143 3.58776 0.023196 4.35375
0.148931 3.5329 0.125236 4.33295
0.132798 3.47492 0.22771 4.30148
0.117484 3.41436 0.328466 4.25934
0.104448 3.35448 0.425698 4.2037
0.094651 3.29925 0.518206 4.13094
0.0885661 3.25157 0.605367 4.03843
0.0862985 3.2126 0.686973 3.92523
0.0877246 3.18191 0.763046 3.79197
0.0925938 3.15791 0.833714 3.64036
0.100594 3.13841 0.89914 3.47277
0.111389 3.1209 0.959482 3.29183
0.124638 3.10283 1.01488 3.10024
0.140009 3.08179 1.06545 2.90055
0.157184 3.05558 1.11129 2.69513
0.175862 3.02227 1.15249 2.48607
0.195764 2.98025 1.18911 2.27517
0.216632 2.92818 1.22122 2.06394
0.238231 2.86506 1.24887 1.85362
0.260349 2.79015 1.27212 1.64518
0.282801 2.70298 1.29102 1.43933
0.305424 2.6033 1.30564 1.23659
0.328077 2.49107 1.31603 1.03729
0.350647 2.36641 1.32224 0.841615
0.37304 2.22957 1.32434 0.649639
0.395185 2.08092 1.32237 0.46134
0.417031 1.92091 1.3164 0.276639
0.438546 1.75003 1.30647 0.0954237
0.459713 1.56883 1.29264 -0.0824322
0.480533 1.37787 1.27495 -0.257052
0.501017 1.17773 1.25344 -0.428545
0.521182 0.968995 1.22815 -0.596997
0.541053 0.75227 1.19914 -0.76247
0.560648 0.52818 1.16645 -0.925007
0.579975 0.297388 1.13017 -1.08464
0.599023 0.0606092 1.09039 -1.24139
0.617744 -0.181377 1.04725 -1.39529
0.636042 -0.427724 1.00096 -1.54635
0.653756 -0.677545 0.951803 -1.69457
0.67065 -0.929969 0.900149 -1.83984
0.686407 -1.18423 0.846472 -1.98188
0.700637 -1.43979 0.791331 -2.1201
0.712901 -1.69636 0.735343 -2.25362
0.722743 -1.95401 0.679144 -2.38121
0.729729 -2.21297 0.623338 -2.50142
0.733477 -2.47358 0.568465 -2.61275
0.733676 -2.73607 0.514983 -2.71384
0.730092 -3.00038 0.463263 -2.80363
0.722563 -3.26616 0.413605 -2.88146
0.710986 -3.53261 0.366257 -2.9471
0.695308 -3.79856 0.321429 -3.00075
0.675514 -4.06246 0.279311 -3.04302
0.651618 -4.32243 0.240081 -3.07487
0.623658 -4.57631 0.203914 -3.09755
0.59169 -4.82171 0.17098 -3.11254
0.555787 -5.05608 0.141442 -3.12146
0.51604 -5.27682 0.115446 -3.12603
0.47256 -5.48136 0.0931099 -3.12789
0.425485 -5.66726 0.0745057 -3.12858
0.374991 -5.83238 0.0596353 -3.12936
0.321308 -5.97497 0.0484014 -3.13111
0.264734 -6.09374 0.0405753 -3.1343
0.205662 -6.18797 0.0357644 -3.13892
0.144589 -6.25735 0.0333915 -3.14462
0.0821181 -6.30191 0.0326961 -3.15088
0.0189426 -6.32172 0.0327694 -3.15729
-0.0441982 -6.31673 0.0326248 -3.16374
-0.106572 -6.2867 0.0312879 -3.1705
-0.167506 -6.23135 0.0278836 -3.17809
-0.226422 -6.15053 0.0216972 -3.18704
-0.282845 -6.04449 0.0121984 -3.19765
-0.336404 -5.91401 -0.000963284 -3.20977
-0.386811 -5.76043 -0.0179842 -3.22279
-0.43384 -5.58559 -0.0389378 -3.23566
-0.477313 -5.39175 -0.0638066 -3.24693
-0.517087 -5.18145 -0.0925087 -3.25492
-0.553041 -4.95736 -0.12492 -3.25782
-0.585076 -4.72222 -0.160888 -3.25379
-0.613109 -4.47864 -0.200247 -3.24108
-0.637079 -4.22909 -0.242822 -3.21812
-0.656946 -3.97581 -0.288428 -3.1836
-0.672697 -3.72069 -0.336873 -3.13654
-0.68436 -3.46526 -0.387947 -3.07639
-0.692008 -3.21063 -0.441405 -3.00302
-0.695775 -2.95747 -0.496956 -2.91681
-0.695868 -2.70601 -0.554241 -2.8186
-0.692577 -2.45616 -0.612812 -2.70961
-0.686273 -2.20757 -0.672132 -2.59136
-0.677394 -1.95991 -0.731587 -2.4654
-0.666418 -1.71295 -0.79051 -2.33313
-0.653822 -1.46675 -0.84824 -2.19569
-0.640039 -1.22169 -0.90416 -2.05387
-0.625432 -0.978363 -0.957744 -1.90813
-0.610276 -0.737517 -1.00857 -1.75876
-0.59476 -0.49992 -1.05632 -1.60591
-0.578995 -0.266303 -1.10078 -1.4497
-0.563033 -0.0373236 -1.14178 -1.29027
-0.546885 0.186437 -1.17924 -1.12773
-0.53053 0.404455 -1.21309 -0.962222
-0.513933 0.616243 -1.24328 -0.793848
-0.49705 0.821332 -1.26978 -0.622695
-0.47984 1.01925 -1.29258 -0.448809
-0.462264 1.20952 -1.31163 -0.27219
-0.444296 1.39165 -1.32692 -0.0927991
-0.42592 1.56514 -1.33841 0.089438
-0.407136 1.72948 -1.34607 0.27462
-0.38796 1.88419 -1.34984 0.462853
-0.368427 2.02881 -1.34969 0.654231
-0.348592 2.16293 -1.34555 0.848816
-0.32853 2.28621 -1.33739 1.04661
-0.308338 2.39844 -1.32514 1.24753
-0.288135 2.49952 -1.30874 1.45136
-0.268064 2.58951 -1.28815 1.65777
-0.248291 2.66868 -1.2633 1.86622
-0.229005 2.7375 -1.23412 2.07597
-0.210419 2.79673 -1.20057 2.28606
-0.192769 2.84735 -1.16258 2.49525
-0.176314 2.89066 -1.12007 2.70204
-0.161333 2.92825 -1.07297 2.90465
-0.148124 2.96199 -1.02118 3.10101
-0.137004 2.99398 -0.964592 3.28883
-0.128299 3.02653 -0.903071 3.46564
-0.122341 3.06199 -0.83647 3.62889
-0.119451 3.10263 -0.764626 3.77613
-0.119914 3.15031 -0.687387 3.90529
-0.123933 3.20614 -0.604661 4.01506
-0.131553 3.26997 -0.516502 4.10529
-0.14255 3.34009 -0.423251 4.17742
-0.156296 3.41324 -0.325716 4.23427
-0.17167 3.48575 -0.225294 4.27905
-0.187129 3.55538 -0.123902 4.31343
-0.200977 3.62282 -0.0236423 4.33606
-0.21173 3.6914 0.0736465 4.34296
-0.218353 3.76518 0.166669 4.3294
-0.220282 3.84718 0.25469 4.29178
-0.21733 3.9385 0.337385 4.22846
-0.209555 4.03842 0.414665 4.13968
-0.197156 4.14486 0.486551 4.02714
-0.180409 4.25482 0.553095 3.89346
-0.159627 4.36481 0.614343 3.74184
-0.135136 4.47115 0.670317 3.57571
-0.107264 4.57014 0.721016 3.39855
-0.0763299 4.65823 0.766417 3.21374
-0.0426387 4.73213 0.806483 3.02444
-0.00647736 4.78887 0.84117 2.83353
0.0318894 4.82587 0.870435 2.64357
0.0722216 4.84096 0.894237 2.45673
0.114305 4.83242 0.912547 2.27482
0.157953 4.79898 0.925349 2.09924
0.203003 4.73987 0.932648 1.93099
0.249312 4.65478 0.93447 1.77064
0.296753 4.54391 0.930875 1.61836
0.345202 4.40803 0.921965 1.47386
0.394519 4.24843 0.907903 1.33642
0.444532 4.06698 0.888939 1.20484
0.495004 3.8661 0.865434 1.07755
0.545607 3.64862 0.837901 0.952667
0.595899 3.41753 0.807021 0.828312
0.645319 3.17565 0.773642 0.702931
0.693214 2.92517 0.738731 0.575694
0.738902 2.66741 0.703283 0.446726
0.781741 2.40278 0.668211 0.31705
0.821199 2.13111 0.634256 0.188264
0.856879 1.852 0.601946 0.062104
0.888524 1.56516 0.571604 -0.0599097
0.915985 1.27055 0.543385 -0.17666
0.939198 0.968506 0.517328 -0.287469
0.958148 0.6596 0.493403 -0.392053
0.972851 0.34464 0.471546 -0.49043
0.983334 0.0245773 0.451685 -0.582848
0.989631 -0.299529 0.43376 -0.669717
0.991771 -0.626544 0.417729 -0.751568
0.989778 -0.955264 0.40358 -0.829026
0.983669 -1.28442 0.391332 -0.9028
0.973452 -1.61265 0.381037 -0.973675
0.959124 -1.93852 0.37278 -1.04251
0.940675 -2.2605 0.366679 -1.11024
0.918086 -2.57694 0.362878 -1.17784
0.891332 -2.88613 0.361548 -1.24635
0.860384 -3.18628 0.36287 -1.31678
0.825216 -3.47561 0.36703 -1.39006
0.785815 -3.75245 0.374193 -1.46695
0.7422 -4.01531 0.384472 -1.54789
0.694444 -4.2631 0.397884 -1.63285
0.642717 -4.49517 0.414292 -1.72122
0.587326 -4.71142 0.433332 -1.81177
0.528752 -4.91205 0.454362 -1.90291
0.467665 -5.0972 0.476437 -1.99306
0.404885 -5.26636 0.498368 -2.08135
0.341301 -5.41799 0.518853 -2.16806
0.277766 -5.54954 0.536636 -2.25464
0.215008 -5.65791 0.550646 -2.34327
0.153602 -5.74012 0.560067 -2.43625
0.0939723 -5.79379 0.564331 -2.53546
0.0364295 -5.8175 0.563089 -2.64201
-0.0187897 -5.81083 0.556153 -2.7562
-0.071489 -5.77428 0.543453 -2.87747
-0.121487 -5.70922 0.525002 -3.00456
-0.168603 -5.61769 0.500867 -3.13559
-0.212647 -5.50235 0.471151 -3.26819
-0.253414 -5.36629 0.435981 -3.39959
-0.29069 -5.21295 0.395491 -3.52672
-0.324249 -5.04601 0.349819 -3.64634
-0.353859 -4.86926 0.299093 -3.75514
-0.379292 -4.68648 0.24343 -3.84988
-0.400328 -4.50129 0.182932 -3.92751
-0.416771 -4.31695 0.117691 -3.9854
-0.428469 -4.1362 0.0478038 -4.0215
-0.435346 -3.96095 -0.026597 -4.03467
-0.437445 -3.79205 -0.105285 -4.02489
-0.434996 -3.62908 -0.187859 -3.99355
-0.428478 -3.47042 -0.273645 -3.9433
-0.418673 -3.31368 -0.361626 -3.87766
-0.406629 -3.15673 -0.450458 -3.79997
-0.393539 -2.99858 -0.538623 -3.71241
-0.380538 -2.83984 -0.62467 -3.61552
-0.368528 -2.68223 -0.707429 -3.50864
-0.358105 -2.52768 -0.786108 -3.39079
-0.349572 -2.37763 -0.860261 -3.26132
-0.343005 -2.23276 -0.929701 -3.12026
-0.338333 -2.09305 -0.994407 -2.96825
-0.335391 -1.95793 -1.05445 -2.80637
-0.333971 -1.82653 -1.10993 -2.63598
-0.33384 -1.69785 -1.16098 -2.45849
-0.334762 -1.57087 -1.20772 -2.27533
-0.336507 -1.44467 -1.25026 -2.08777
-0.338859 -1.31844 -1.28872 -1.89697
-0.341614 -1.19153 -1.32316 -1.7039
-0.344586 -1.06347 -1.35368 -1.50935
-0.34761 -0.933926 -1.38033 -1.31397
