0, -1
0, -2

0.0630794, -0.998009
0.0632455, -1.99801

0.125179, -0.992134
0.126489, -1.99213

0.185399, -0.982663
0.189722, -1.98265

0.242984, -0.97003
0.252922, -1.96998

0.297346, -0.95477
0.316056, -1.95459

0.348068, -0.937469
0.379074, -1.93699

0.394882, -0.918732
0.441915, -1.91763

0.437641, -0.89915
0.504507, -1.89691

0.476295, -0.879286
0.566768, -1.87518

0.51086, -0.859664
0.628604, -1.85271

0.541402, -0.840764
0.689909, -1.82968

0.568021, -0.823014
0.75056, -1.80621

0.590835, -0.806793
0.810414, -1.78239

0.609972, -0.792423
0.869306, -1.75821

0.625568, -0.780169
0.927038, -1.73365

0.637757, -0.770238
0.983381, -1.70861

0.646673, -0.762767
1.03806, -1.68299

0.652456, -0.757827
1.09076, -1.65665

0.655254, -0.755409
1.14113, -1.62944

0.655236, -0.755424
1.18874, -1.60122

0.652599, -0.757703
1.23319, -1.5719

0.647581, -0.761997
1.27404, -1.54145

0.640456, -0.767995
1.31089, -1.50996

0.631529, -0.775352
1.34344, -1.47762

0.621117, -0.783718
1.37147, -1.44475

0.609522, -0.79277
1.39492, -1.41175

0.59701, -0.802234
1.41385, -1.3791

0.583796, -0.811901
1.4284, -1.34728

0.570036, -0.821619
1.43884, -1.31677

0.555834, -0.831293
1.44546, -1.28799

0.541245, -0.840865
1.44856, -1.26132

0.526288, -0.850306
1.44846, -1.23708

0.51096, -0.859604
1.44547, -1.21555

0.495238, -0.868757
1.43985, -1.19693

0.479093, -0.877764
1.43188, -1.18142

0.462494, -0.886623
1.42176, -1.16913

0.445412, -0.895325
1.4097, -1.1602

0.427829, -0.90386
1.39586, -1.1547

0.409734, -0.912205
1.38039, -1.15269

0.391132, -0.920335
1.3634, -1.15422

0.372044, -0.928215
1.34497, -1.15933

0.352512, -0.935807
1.32517, -1.16803

0.332595, -0.94307
1.30404, -1.18033

0.312377, -0.949958
1.28158, -1.19623

0.291967, -0.956428
1.25777, -1.21571

0.271496, -0.962439
1.23257, -1.23873

0.251124, -0.967955
1.20591, -1.26525

0.231034, -0.972946
1.17769, -1.2952

0.211437, -0.977392
1.14777, -1.3285

0.192569, -0.981284
1.11601, -1.36502

0.174689, -0.984624
1.08222, -1.40461

0.158081, -0.987426
1.04618, -1.44708

0.143048, -0.989716
1.00765, -1.49218

0.129909, -0.991526
0.966351, -1.53958

0.119001, -0.992894
0.921989, -1.58889

0.110665, -0.993858
0.874231, -1.63959

0.105243, -0.994447
0.822726, -1.69102

0.103057, -0.994675
0.767107, -1.74236

0.104377, -0.994538
0.707009, -1.79256

0.109367, -0.994001
0.642112, -1.84028

0.117999, -0.993014
0.572206, -1.88391

0.129923, -0.991524
0.497303, -1.9216

0.144339, -0.989528
0.417776, -1.95142

0.159951, -0.987125
0.334464, -1.97178

0.175114, -0.984548
0.248635, -1.98184

0.188169, -0.982137
0.161755, -1.98179

0.197784, -0.980246
0.0751905, -1.9727

0.203114, -0.979155
-0.0100009, -1.95618

0.203759, -0.979021
-0.0931162, -1.93394

0.199634, -0.979871
-0.173748, -1.90755

0.190847, -0.98162
-0.251697, -1.87837

0.177607, -0.984101
-0.326899, -1.84751

0.160179, -0.987088
-0.399374, -1.81588

0.138851, -0.990313
-0.469189, -1.78422

0.113928, -0.993489
-0.536434, -1.75311

0.0857207, -0.996319
-0.601214, -1.72304

0.0545425, -0.998511
-0.66363, -1.69438

0.0207084, -0.999786
-0.723773, -1.66743

-0.0154695, -0.99988
-0.781717, -1.64243

-0.0536849, -0.998558
-0.837512, -1.61954

-0.0936402, -0.995606
-0.891175, -1.59888

-0.135049, -0.990839
-0.94269, -1.58051

-0.177639, -0.984096
-0.991999, -1.56446

-0.221149, -0.97524
-1.039, -1.55067

-0.265328, -0.964158
-1.08354, -1.53908

-0.309932, -0.950759
-1.12542, -1.52953

-0.35471, -0.934977
-1.1644, -1.52184

-0.399398, -0.916778
-1.20017, -1.51574

-0.443701, -0.896175
-1.23242, -1.51093

-0.487279, -0.873246
-1.2608, -1.50701

-0.529732, -0.848165
-1.285, -1.50358

-0.570604, -0.821225
-1.30475, -1.50022

-0.609398, -0.792864
-1.31993, -1.49653

-0.645618, -0.76366
-1.33056, -1.49226

-0.678832, -0.734293
-1.33685, -1.4873

-0.708724, -0.705486
-1.33917, -1.48172

-0.735127, -0.677929
-1.33801, -1.47576

-0.75802, -0.652231
-1.33386, -1.46979

-0.777498, -0.628886
-1.32723, -1.46423

-0.793729, -0.608272
-1.31856, -1.45948

-0.806916, -0.590666
-1.30821, -1.45594

-0.817266, -0.576261
-1.29648, -1.45396

-0.824963, -0.565186
-1.28362, -1.4538

-0.830163, -0.55752
-1.26979, -1.4557

-0.832978, -0.553306
-1.25513, -1.45983

-0.833477, -0.552555
-1.23974, -1.46631

-0.831681, -0.555254
-1.22369, -1.47522

-0.827567, -0.561368
-1.20701, -1.48658

-0.821062, -0.570839
-1.18973, -1.5004

-0.812051, -0.583586
-1.17185, -1.51662

-0.800373, -0.599502
-1.15334, -1.53514

-0.785825, -0.618449
-1.13417, -1.55582

-0.768165, -0.640252
-1.11427, -1.57845

-0.747119, -0.664691
-1.09354, -1.60277

-0.722386, -0.69149
-1.07186, -1.62843

-0.693659, -0.720303
-1.04906, -1.65502

-0.660644, -0.7507
-1.02492, -1.68199

-0.623096, -0.782145
-0.999154, -1.70874

-0.580877, -0.813991
-0.971421, -1.73458

-0.534016, -0.845474
-0.941324, -1.75877

-0.482775, -0.875744
-0.908436, -1.78063

-0.427691, -0.903925
-0.872354, -1.79962

-0.369555, -0.929209
-0.832758, -1.81546

-0.309335, -0.950953
-0.789467, -1.82815

-0.248052, -0.968747
-0.742467, -1.83797

-0.186669, -0.982423
-0.691886, -1.84542

-0.126017, -0.992028
-0.637956, -1.85105

-0.0667776, -0.997768
-0.580959, -1.85545

-0.00949647, -0.999955
-0.521182, -1.85913

0.045391, -0.998969
-0.458893, -1.86251

0.097531, -0.995232
-0.39433, -1.86591

0.14663, -0.989191
-0.327688, -1.86954

0.192438, -0.981309
-0.259132, -1.87355

0.23474, -0.972058
-0.188792, -1.87794

0.27335, -0.961915
-0.116781, -1.88267

0.308104, -0.951353
-0.0431991, -1.88761

0.338861, -0.940836
0.0318545, -1.89254

0.365502, -0.930811
0.108269, -1.89716

0.387922, -0.921692
0.185908, -1.90107

0.406038, -0.913856
0.264593, -1.9038

0.41979, -0.907621
0.344084, -1.90475

0.42915, -0.903233
0.42405, -1.90322

0.434148, -0.900842
0.50404, -1.8984

0.43491, -0.900474
0.583446, -1.88938

0.431716, -0.902009
0.661479, -1.87526

0.425057, -0.905166
0.737174, -1.85521

0.415672, -0.909515
0.809451, -1.82872

0.404509, -0.914534
0.877262, -1.79573

0.392607, -0.919706
0.939758, -1.75674

0.380923, -0.924607
0.996431, -1.71274

0.370198, -0.928953
1.04714, -1.66499

0.360905, -0.932602
1.09205, -1.61483

0.353276, -0.935519
1.13152, -1.56349

0.347354, -0.937734
1.166, -1.51203

0.343061, -0.939313
1.196, -1.46133

0.340244, -0.940337
1.22198, -1.41208

0.33871, -0.940891
1.2444, -1.36483

0.338249, -0.941057
1.26366, -1.32003

0.338647, -0.940914
1.28012, -1.27799

0.339697, -0.940535
1.29412, -1.23898

0.341206, -0.939989
1.30594, -1.20321

0.342991, -0.939339
1.31583, -1.17083

0.344891, -0.938643
1.324, -1.14197

0.34676, -0.937954
1.33065, -1.1167

0.34847, -0.93732
1.33594, -1.09511

0.349916, -0.936781
1.34, -1.07724

0.351007, -0.936373
1.34294, -1.06313

0.351674, -0.936122
1.34484, -1.0528

0.351867, -0.93605
1.34577, -1.04628

0.351553, -0.936168
1.34577, -1.04358

0.350718, -0.936481
1.34485, -1.0447

0.34937, -0.936985
1.343, -1.04964

0.347532, -0.937668
1.34022, -1.05839

0.345247, -0.938512
1.33644, -1.07094

0.34258, -0.939489
1.3316, -1.08726

0.339611, -0.940566
1.32561, -1.10734

0.336442, -0.941704
1.31834, -1.13112

0.333196, -0.942858
1.30966, -1.15854

0.330012, -0.943977
1.29939, -1.18953

0.327051, -0.945007
1.28735, -1.22399

0.324491, -0.945889
1.27329, -1.26178

0.322529, -0.94656
1.25695, -1.30273

0.321375, -0.946952
1.23804, -1.34662

0.321253, -0.946993
1.21621, -1.39314

0.32239, -0.946607
1.19109, -1.44194

0.325008, -0.945711
1.16225, -1.49254

0.329307, -0.944223
1.12924, -1.54431

0.33544, -0.942061
1.09157, -1.59649

0.34347, -0.939164
1.04874, -1.6481

0.353312, -0.935505
1.00032, -1.69799

0.364666, -0.931138
0.945988, -1.74481

0.376957, -0.926231
0.885686, -1.78716

0.389323, -0.921101
0.819686, -1.82376

0.4007, -0.916209
0.748658, -1.85372

0.409991, -0.912089
0.673585, -1.87672

0.416247, -0.909252
0.595598, -1.89304

0.418774, -0.908091
0.515789, -1.90337

0.417142, -0.908841
0.435091, -1.90868

0.411133, -0.911575
0.354233, -1.90996

0.400672, -0.916222
0.273763, -1.90814

0.385769, -0.922596
0.194073, -1.90405

0.366483, -0.930425
0.115446, -1.8984

0.342904, -0.939371
0.0380808, -1.89178

0.315142, -0.949044
-0.0378763, -1.88466

0.283326, -0.959024
-0.112316, -1.87743

0.247602, -0.968862
-0.185148, -1.87038

0.208133, -0.978101
-0.256289, -1.86371

0.165105, -0.986276
-0.325649, -1.85757

0.118724, -0.992927
-0.393124, -1.852

0.069224, -0.997601
-0.458583, -1.84697

0.0168671, -0.999858
-0.521862, -1.84234

-0.0380423, -0.999276
-0.582757, -1.8379

-0.0951446, -0.995463
-0.641023, -1.83333

-0.154002, -0.98807
-0.696379, -1.82821

-0.214074, -0.976818
-0.748521, -1.82202

-0.274684, -0.961535
-0.797152, -1.81419

-0.335014, -0.942213
-0.842027, -1.80415

-0.39412, -0.919059
-0.88301, -1.7914

-0.451005, -0.892522
-0.920117, -1.77566

-0.504729, -0.863278
-0.953541, -1.7569

-0.554536, -0.832159
-0.983624, -1.73542

-0.599927, -0.800054
-1.0108, -1.71175

-0.640675, -0.767812
-1.03552, -1.68656

-0.676782, -0.736184
-1.05822, -1.66058

-0.708411, -0.7058
-1.07925, -1.6345

-0.735824, -0.677173
-1.09892, -1.60893

-0.759327, -0.650709
-1.11745, -1.58438

-0.779235, -0.626731
-1.13505, -1.56129

-0.795849, -0.605495
-1.15183, -1.53999

-0.809443, -0.587198
-1.1679, -1.52075

-0.820255, -0.571999
-1.18333, -1.50376

-0.82848, -0.560019
-1.19817, -1.48917

-0.834273, -0.551352
-1.21244, -1.47709

-0.837741, -0.546068
-1.22616, -1.46755

-0.838947, -0.544213
-1.2393, -1.46058

-0.837905, -0.545816
-1.25183, -1.45613

-0.834583, -0.550883
-1.26369, -1.45413

-0.8289, -0.559396
-1.27481, -1.45448

-0.820732, -0.571313
-1.28504, -1.45699

-0.809911, -0.586553
-1.29424, -1.46144

-0.796232, -0.604991
-1.30219, -1.46755

-0.77947, -0.62644
-1.3086, -1.47498

-0.759392, -0.650633
-1.31314, -1.48332

-0.735796, -0.677204
-1.31537, -1.49212

-0.708545, -0.705666
-1.31481, -1.50093

-0.677618, -0.735414
-1.31093, -1.50931

-0.643149, -0.765741
-1.30323, -1.51694

-0.605439, -0.795892
-1.29127, -1.52365

-0.564934, -0.825136
-1.27479, -1.52948

-0.522168, -0.852843
-1.2537, -1.53465

-0.477698, -0.878524
-1.22808, -1.53952

-0.432043, -0.901853
-1.19818, -1.54453

-0.385663, -0.92264
-1.1643, -1.55012

-0.33895, -0.940804
-1.12678, -1.55669

-0.292239, -0.956345
-1.08597, -1.56461

-0.245827, -0.969314
-1.04218, -1.57415

-0.199989, -0.979798
-0.995651, -1.58554

-0.154989, -0.987916
-0.946609, -1.59893

-0.111093, -0.99381
-0.895211, -1.61442

-0.0685709, -0.997646
-0.841569, -1.63205

-0.027704, -0.999616
-0.785749, -1.65182

0.0112183, -0.999937
-0.727776, -1.67365

0.0478983, -0.998852
-0.667641, -1.69742

0.082033, -0.99663
-0.605304, -1.72297

0.113317, -0.993559
-0.540704, -1.75004

0.141444, -0.989946
-0.473765, -1.77831

0.166113, -0.986107
-0.404404, -1.80739

0.187029, -0.982354
-0.332541, -1.83678

0.203905, -0.978991
-0.258115, -1.86586

0.216471, -0.976289
-0.181099, -1.89386

0.224492, -0.974476
-0.101524, -1.91984

0.227793, -0.97371
-0.0195213, -1.94264

0.226318, -0.974053
0.0646205, -1.96089

0.220227, -0.975449
0.150383, -1.97301

0.210018, -0.977698
0.236936, -1.97734

0.196644, -0.980475
0.323111, -1.97245

0.181507, -0.98339
0.407496, -1.95752

0.166254, -0.986083
0.488678, -1.93268

0.152429, -0.988314
0.565537, -1.899

0.141185, -0.989983
0.63741, -1.85818

0.13319, -0.99109
0.704081, -1.81212

0.128705, -0.991683
0.765649, -1.76259

0.127707, -0.991812
0.822395, -1.71112

0.130006, -0.991513
0.874686, -1.65894

0.135322, -0.990802
0.922909, -1.60701

0.143335, -0.989674
0.967448, -1.5561

0.153709, -0.988116
1.00866, -1.50682

0.16611, -0.986107
1.04689, -1.45964

0.180214, -0.983627
1.08242, -1.41493

0.195714, -0.980661
1.11554, -1.37298

0.212319, -0.9772
1.14649, -1.33402

0.229762, -0.973247
1.17548, -1.29823

0.247798, -0.968812
1.20269, -1.26575

0.266205, -0.963916
1.22829, -1.23668

0.28479, -0.95859
1.25238, -1.21111

0.303381, -0.952869
1.27508, -1.18909

0.321835, -0.946796
1.29645, -1.17067

0.340033, -0.940414
1.31654, -1.15588

0.357879, -0.933768
1.33537, -1.14472

0.375302, -0.926903
1.35294, -1.13721

0.392252, -0.919858
1.3692, -1.13335

0.4087, -0.912669
1.3841, -1.1331

0.424634, -0.905365
1.39757, -1.13645

0.44006, -0.897969
1.40949, -1.14335

0.454997, -0.890493
1.41972, -1.15374

0.469478, -0.882944
1.42812, -1.16755

0.483543, -0.875321
1.43449, -1.18468

0.497238, -0.867614
1.43861, -1.20499

0.510612, -0.859811
1.44023, -1.22833

0.523706, -0.851899
1.43909, -1.25448

0.536554, -0.843866
1.43488, -1.2832

0.549165, -0.835714
1.42727, -1.31418

0.561521, -0.827462
1.41594, -1.34704

0.573558, -0.819165
1.40056, -1.38136

0.585157, -0.81092
1.38084, -1.41663

0.596136, -0.802884
1.35654, -1.45233

0.606244, -0.795279
1.32752, -1.48792

0.615174, -0.788391
1.29378, -1.52289

0.622579, -0.782557
1.25546, -1.55681

0.628103, -0.77813
1.21282, -1.58937

0.631409, -0.77545
1.16625, -1.62041

0.632195, -0.774809
1.1162, -1.64987

0.630209, -0.776425
1.06315, -1.67785

0.625241, -0.780432
1.00757, -1.70446

0.617113, -0.786874
0.949865, -1.72989

0.605674, -0.795713
0.890421, -1.75432

0.590783, -0.80683
0.829562, -1.7779

0.57231, -0.820037
0.767562, -1.80079

0.550129, -0.83508
0.704659, -1.82307

0.524122, -0.851643
0.641054, -1.84478

0.494184, -0.869357
0.576918, -1.86593

0.460228, -0.887801
0.512403, -1.88644

0.422197, -0.906504
0.447643, -1.90618

0.380078, -0.924954
0.382757, -1.92495

0.333919, -0.942602
0.317857, -1.94247

0.28385, -0.958869
0.253045, -1.95839

0.230107, -0.973165
0.188415, -1.9723

0.173065, -0.98491
0.124051, -1.98371

0.113254, -0.993566
0.060024, -1.99215

0.0513754, -0.998679
-0.00361279, -1.99717

-0.0117162, -0.999931
-0.066827, -1.99841

-0.0750553, -0.997179
-0.129606, -1.99569

-0.137643, -0.990482
-0.191955, -1.98901

-0.19853, -0.980095
-0.253885, -1.97856

-0.256898, -0.966439
-0.315408, -1.96473

-0.312094, -0.950051
-0.37653, -1.94797

-0.36365, -0.931536
-0.437242, -1.92882

-0.411263, -0.911517
-0.497526, -1.90779

-0.454772, -0.890608
-0.557346, -1.88533

-0.494121, -0.869393
-0.616656, -1.86186

-0.529333, -0.848414
-0.675397, -1.83769

-0.560487, -0.828164
-0.733494, -1.81308

-0.587696, -0.809082
-0.790857, -1.78823

-0.611094, -0.791558
-0.84738, -1.76324

-0.630826, -0.775925
-0.902933, -1.73819

-0.647034, -0.762461
-0.957361, -1.71309

-0.659859, -0.751389
-1.01048, -1.68791

-0.669436, -0.74287
-1.06207, -1.66256

-0.675891, -0.737002
-1.11187, -1.63696

-0.679349, -0.733815
-1.15958, -1.61096

-0.679943, -0.733265
-1.20485, -1.58443

-0.677819, -0.735229
-1.24729, -1.55724

-0.673153, -0.739504
-1.2865, -1.52932

-0.666153, -0.745815
-1.32208, -1.50064

-0.657069, -0.753831
-1.35367, -1.47129

-0.646176, -0.763189
-1.38099, -1.44146

-0.633763, -0.773527
-1.40386, -1.41145

-0.620109, -0.784516
-1.42226, -1.38164

-0.605459, -0.795877
-1.43624, -1.35247

-0.590012, -0.807394
-1.44601, -1.32438

-0.573918, -0.818913
-1.45179, -1.2978

-0.557275, -0.830328
-1.45389, -1.27313

-0.540142, -0.841574
-1.45262, -1.25071

-0.522546, -0.852611
-1.44826, -1.23082

-0.50449, -0.863418
-1.44113, -1.21372

-0.485966, -0.873978
-1.43147, -1.19958

-0.466961, -0.884278
-1.41953, -1.18859

-0.447459, -0.894304
-1.40553, -1.18084

-0.427455, -0.904037
-1.38963, -1.17646

-0.406948, -0.913451
-1.372, -1.1755

-0.385955, -0.922518
-1.35276, -1.17802

-0.364507, -0.931201
-1.33201, -1.18406

-0.342656, -0.939461
-1.30981, -1.19364

-0.320474, -0.947257
-1.28621, -1.20678

-0.298057, -0.954548
-1.26122, -1.22346

-0.275526, -0.961294
-1.23483, -1.24367

-0.253027, -0.967459
-1.20699, -1.26737

-0.230734, -0.973017
-1.17764, -1.29452

-0.208846, -0.977948
-1.14668, -1.32503

-0.18759, -0.982247
-1.11397, -1.35883

-0.167215, -0.98592
-1.07937, -1.39576

-0.147997, -0.988988
-1.04268, -1.43568

-0.130233, -0.991483
-1.0037, -1.47837

-0.114238, -0.993453
-0.962173, -1.52355

-0.100347, -0.994953
-0.917837, -1.5709

-0.0889039, -0.99604
-0.870392, -1.61996

-0.080262, -0.996774
-0.819519, -1.6702

-0.074769, -0.997201
-0.764878, -1.72091

-0.07275, -0.99735
-0.706122, -1.7712

-0.074472, -0.997223
-0.642916, -1.81994

-0.0800826, -0.996788
-0.574988, -1.86573

-0.0895104, -0.995986
-0.502202, -1.90686

-0.102328, -0.994751
-0.42468, -1.94137

-0.117619, -0.993059
-0.342945, -1.96734

-0.133956, -0.990987
-0.257996, -1.98326

-0.149596, -0.988747
-0.17122, -1.98851

-0.162856, -0.98665
-0.0841192, -1.98355

-0.172458, -0.985017
0.00199867, -1.96968

-0.177637, -0.984096
0.0861861, -1.94867

-0.178073, -0.984017
0.167859, -1.92228

-0.173747, -0.98479
0.246715, -1.8921

-0.164811, -0.986325
0.322638, -1.85948

-0.151509, -0.988456
0.395632, -1.8255

-0.134132, -0.990964
0.465765, -1.79104

-0.112989, -0.993596
0.533144, -1.75682

-0.0884027, -0.996085
0.597895, -1.72341

-0.0606972, -0.998156
0.660147, -1.69125

-0.0301978, -0.999544
0.720022, -1.66073

0.00277293, -0.999996
0.777632, -1.63213

0.0378985, -0.999282
0.833066, -1.60567

0.0748714, -0.997193
0.88639, -1.58152

0.113397, -0.99355
0.937637, -1.55979

0.153194, -0.988196
0.986803, -1.54055

0.194, -0.981001
1.03385, -1.52382

0.235569, -0.971858
1.07868, -1.50959

0.277668, -0.960677
1.12118, -1.49778

0.320076, -0.947392
1.16116, -1.48829

0.362577, -0.931954
1.1984, -1.48095

0.404946, -0.91434
1.23262, -1.47555

0.446943, -0.894562
1.26352, -1.47181

0.488291, -0.872681
1.29075, -1.46939

0.528668, -0.848829
1.31399, -1.46792

0.567697, -0.823238
1.33293, -1.46699

0.604951, -0.796262
1.34739, -1.46618

0.639982, -0.76839
1.35727, -1.46517

0.672361, -0.740224
1.36267, -1.46373

0.701736, -0.712437
1.36388, -1.46181

0.727874, -0.68571
1.36129, -1.45952

0.750677, -0.660669
1.35539, -1.45711

0.770167, -0.637843
1.34668, -1.45493

0.786455, -0.617648
1.33562, -1.45336

0.799702, -0.600397
1.32264, -1.45277

0.810087, -0.586309
1.30806, -1.4535

0.81778, -0.575532
1.29215, -1.45586

0.822921, -0.568155
1.27513, -1.46007

0.825619, -0.564228
1.25716, -1.46632

0.825937, -0.563762
1.23836, -1.47476

0.823895, -0.566743
1.21881, -1.48546

0.819465, -0.573129
1.19857, -1.49848

0.812576, -0.582855
1.17767, -1.51383

0.803111, -0.59583
1.15613, -1.53145

0.790908, -0.611934
1.13394, -1.55126

0.775768, -0.631018
1.11106, -1.57313

0.757451, -0.652892
1.08746, -1.59687

0.735689, -0.67732
1.06305, -1.62222

0.710187, -0.704013
1.03772, -1.64885

0.680646, -0.732612
1.01134, -1.67635

0.64678, -0.762677
0.983705, -1.70421

0.608352, -0.793667
0.954577, -1.73182

0.565225, -0.824937
0.923654, -1.75849

0.517424, -0.855729
0.890581, -1.7835

0.465204, -0.885204
0.854969, -1.80612

0.409089, -0.912495
0.816437, -1.82577

0.349871, -0.936798
0.77467, -1.84209

0.288534, -0.95747
0.729471, -1.85501

0.226136, -0.974096
0.680793, -1.86476

0.163685, -0.986513
0.628731, -1.8718

0.102061, -0.994778
0.573484, -1.87669

0.0419857, -0.999118
0.515308, -1.88001

-0.0159686, -0.999872
0.454477, -1.8823

-0.0713521, -0.997451
0.39125, -1.88402

-0.123808, -0.992306
0.325859, -1.8855

-0.17305, -0.984913
0.258502, -1.887

-0.218842, -0.97576
0.189348, -1.88866

-0.260987, -0.965342
0.118536, -1.89052

-0.299322, -0.954152
0.0461903, -1.89257

-0.33371, -0.942676
-0.0275755, -1.89466

-0.364037, -0.931384
-0.102645, -1.89662

-0.39021, -0.920726
-0.178888, -1.89814

-0.412153, -0.911114
-0.256145, -1.89887

-0.429812, -0.902918
-0.334213, -1.89834

-0.443153, -0.896446
-0.412825, -1.89599

-0.452175, -0.891929
-0.491621, -1.89115

-0.456936, -0.8895
-0.570121, -1.88307

-0.457584, -0.889166
-0.647697, -1.87093

-0.454415, -0.89079
-0.723552, -1.85389

-0.44792, -0.894074
-0.796735, -1.83127

-0.43881, -0.89858
-0.866216, -1.80264

-0.427979, -0.903789
-0.931022, -1.76805

-0.416389, -0.909187
-0.990397, -1.72804

-0.404916, -0.914354
-1.04391, -1.68356

-0.394238, -0.919008
-1.09149, -1.63583

-0.384791, -0.923004
-1.13333, -1.5861

-0.37679, -0.926299
-1.1698, -1.53551

-0.370279, -0.92892
-1.20137, -1.48506

-0.365192, -0.930932
-1.22853, -1.43557

-0.361389, -0.932415
-1.25174, -1.38768

-0.358694, -0.933455
-1.27147, -1.34192

-0.356914, -0.934137
-1.2881, -1.29869

-0.355853, -0.934542
-1.30199, -1.2583

-0.355322, -0.934744
-1.31347, -1.221

-0.355139, -0.934813
-1.32282, -1.18699

-0.35514, -0.934813
-1.33028, -1.1564

-0.355175, -0.9348
-1.33607, -1.12934

-0.355111, -0.934824
-1.34037, -1.10592

-0.354834, -0.934929
-1.34333, -1.08617

-0.354248, -0.935152
-1.34509, -1.07017

-0.353274, -0.93552
-1.34575, -1.05793

-0.351852, -0.936055
-1.3454, -1.04949

-0.349943, -0.936771
-1.34408, -1.04486

-0.347522, -0.937672
-1.34185, -1.04404

-0.344587, -0.938754
-1.33871, -1.04705

-0.341154, -0.940007
-1.33465, -1.05388

-0.337257, -0.941413
-1.32965, -1.06452

-0.33295, -0.942944
-1.32366, -1.07896

-0.328308, -0.944571
-1.3166, -1.09717

-0.323426, -0.946254
-1.30837, -1.11912

-0.318418, -0.947951
-1.29886, -1.14476

-0.31342, -0.949615
-1.28791, -1.17404

-0.308588, -0.951196
-1.27535, -1.20686

-0.304099, -0.95264
-1.26098, -1.24312

-0.30015, -0.953892
-1.24456, -1.28267

-0.296954, -0.954892
-1.22581, -1.32533

-0.294742, -0.955577
-1.20443, -1.37086

-0.293759, -0.95588
-1.18008, -1.41895

-0.294251, -0.955728
-1.15237, -1.46919

-0.296464, -0.955044
-1.12085, -1.52107

-0.300619, -0.953744
-1.08508, -1.57392

-0.306883, -0.951747
-1.04454, -1.62692

-0.315329, -0.948982
-0.998754, -1.679

-0.325861, -0.945418
-0.947275, -1.7289

-0.338142, -0.941095
-0.889822, -1.77515

-0.351517, -0.936182
-0.826386, -1.81624

-0.365013, -0.931002
-0.757342, -1.85083

-0.377442, -0.926033
-0.683487, -1.87805

-0.387608, -0.921824
-0.605929, -1.8977

-0.394511, -0.918891
-0.525882, -1.91022

-0.397459, -0.91762
-0.444469, -1.91651

-0.396051, -0.918228
-0.36261, -1.91767

-0.390113, -0.920767
-0.281001, -1.9148

-0.37961, -0.925146
-0.200139, -1.90891

-0.364596, -0.931166
-0.120371, -1.90088

-0.345165, -0.938542
-0.0419344, -1.89146

-0.321442, -0.946929
0.0350106, -1.88124

-0.293569, -0.955938
0.110353, -1.87073

-0.261702, -0.965149
0.184015, -1.86032

-0.226017, -0.974123
0.255932, -1.85032

-0.1867, -0.982417
0.326045, -1.84096

-0.143959, -0.989584
0.394285, -1.83237

-0.0980174, -0.995185
0.460565, -1.82463

-0.0491178, -0.998793
0.524767, -1.81773

0.0024733, -0.999997
0.586739, -1.81156

0.0564589, -0.998405
0.646284, -1.80594

0.112499, -0.993652
0.703159, -1.80057

0.170192, -0.985411
0.757074, -1.79508

0.229046, -0.973416
0.807709, -1.78898

0.288453, -0.957494
0.854735, -1.78171

0.347669, -0.937617
0.897855, -1.77266

0.405814, -0.913956
0.936869, -1.76129

0.461928, -0.886918
0.971727, -1.74721

0.51507, -0.857148
1.00257, -1.73027

0.564445, -0.825471
1.02972, -1.71064

0.609498, -0.792788
1.05361, -1.68876

0.649952, -0.759976
1.07476, -1.66526

0.685774, -0.727815
1.09365, -1.64085

0.717112, -0.696958
1.11068, -1.61625

0.744225, -0.667929
1.12623, -1.59209

0.767425, -0.641139
1.14056, -1.56892

0.787036, -0.616907
1.15389, -1.54718

0.803372, -0.595478
1.16639, -1.52726

0.816713, -0.577044
1.17818, -1.50943

0.827307, -0.56175
1.18935, -1.49391

0.835357, -0.549708
1.19995, -1.48087

0.841021, -0.541002
1.21003, -1.47043

0.844413, -0.535692
1.21962, -1.46264

0.845598, -0.53382
1.2287, -1.45753

0.844594, -0.535407
1.23726, -1.45509

0.841371, -0.540459
1.24526, -1.45527

0.83585, -0.548958
1.25265, -1.45796

0.827907, -0.560866
1.25932, -1.46302

0.817369, -0.576114
1.26515, -1.47026

0.804025, -0.594596
1.26998, -1.4794

0.787625, -0.616155
1.27358, -1.49014

0.767903, -0.640566
1.27566, -1.50207

0.744598, -0.667513
1.27585, -1.51473

0.717486, -0.696573
1.27372, -1.5276

0.686436, -0.727191
1.26874, -1.54016

0.651458, -0.758684
1.26038, -1.55191

0.612753, -0.790275
1.24811, -1.5625

0.570714, -0.821149
1.23149, -1.57173

0.525895, -0.85055
1.21029, -1.57966

0.478936, -0.87785
1.18443, -1.58656

0.430481, -0.9026
1.15406, -1.59284

0.381117, -0.924527
1.11944, -1.59897

0.331352, -0.943507
1.08091, -1.60545

0.281613, -0.959528
1.03882, -1.6127

0.232265, -0.972653
0.993522, -1.6211

0.183628, -0.982996
0.945314, -1.63094

0.135997, -0.990709
0.894449, -1.64244

0.0896561, -0.995973
0.841126, -1.65574

0.0448852, -0.998992
0.785491, -1.67093

0.00196692, -0.999998
0.727643, -1.68803

-0.038812, -0.999247
0.667638, -1.70701

-0.0771616, -0.997019
0.605495, -1.72776

-0.11279, -0.993619
0.5412, -1.75012

-0.145407, -0.989372
0.47472, -1.77387

-0.174725, -0.984617
0.406007, -1.79871

-0.200463, -0.979701
0.335007, -1.82426

-0.222347, -0.974968
0.261671, -1.85003

-0.240114, -0.970745
0.185973, -1.87543

-0.253518, -0.967331
0.107922, -1.89973

-0.26234, -0.964975
0.0275897, -1.92202

-0.26642, -0.963857
-0.0548512, -1.94122

-0.2657, -0.964056
-0.139073, -1.95601

-0.260318, -0.965523
-0.224524, -1.96488

-0.250721, -0.968059
-0.310356, -1.96628

-0.237782, -0.971318
-0.3954, -1.95882

-0.222812, -0.974861
-0.478263, -1.94168

-0.20739, -0.978258
-0.557557, -1.91495

-0.193041, -0.981191
-0.63219, -1.8796

-0.180938, -0.983495
-0.701532, -1.8373

-0.171794, -0.985133
-0.765404, -1.78989

-0.165912, -0.986141
-0.823948, -1.73913

-0.163305, -0.986576
-0.877489, -1.68653

-0.163807, -0.986492
-0.926433, -1.63333

-0.167159, -0.98593
-0.971206, -1.5805

-0.173053, -0.984912
-1.01222, -1.52879

-0.181168, -0.983452
-1.04986, -1.4788

-0.19118, -0.981555
-1.08448, -1.43101

-0.202778, -0.979225
-1.11641, -1.38578

-0.215663, -0.976468
-1.14592, -1.34339

-0.229559, -0.973295
-1.17327, -1.30406

-0.244208, -0.969723
-1.1987, -1.26797

-0.259376, -0.965776
-1.22238, -1.23526

-0.274854, -0.961486
-1.24449, -1.20603

-0.290456, -0.956888
-1.26517, -1.18036

-0.306022, -0.952024
-1.28452, -1.1583

-0.321415, -0.946938
-1.30262, -1.1399

-0.336524, -0.941675
-1.31954, -1.12518

-0.35126, -0.936278
-1.33531, -1.11417

-0.365557, -0.930789
-1.34993, -1.10687

-0.379372, -0.925244
-1.3634, -1.10328

-0.392681, -0.919675
-1.37566, -1.1034

-0.405478, -0.914105
-1.38666, -1.1072

-0.417776, -0.90855
-1.39631, -1.11465

-0.429603, -0.903018
-1.40449, -1.12571

-0.441003, -0.897506
-1.41107, -1.14033

-0.452031, -0.892002
-1.41589, -1.15842

-0.462752, -0.886488
-1.41874, -1.17989

-0.473239, -0.880934
-1.41941, -1.2046

-0.48357, -0.875306
-1.41764, -1.2324

-0.49382, -0.869564
-1.41314, -1.26308

-0.504057, -0.86367
-1.4056, -1.29636

-0.514333, -0.857591
-1.39467, -1.33194

-0.524669, -0.851306
-1.37999, -1.3694

-0.535045, -0.844824
-1.36119, -1.40829

-0.545378, -0.83819
-1.33791, -1.44802

-0.55551, -0.83151
-1.30985, -1.488

-0.56519, -0.824961
-1.2768, -1.52754

-0.574082, -0.818797
-1.23869, -1.56599

-0.581776, -0.813349
-1.19561, -1.60278

-0.587821, -0.808991
-1.14785, -1.63746

-0.591773, -0.806104
-1.09583, -1.66977

-0.59323, -0.805033
-1.0401, -1.69963

-0.591853, -0.806046
-0.981216, -1.72713

-0.58737, -0.809318
-0.919755, -1.75246

-0.579569, -0.814923
-0.856236, -1.77589

-0.568282, -0.822834
-0.791115, -1.79769

-0.553369, -0.832936
-0.724783, -1.81814

-0.534713, -0.845034
-0.657571, -1.83746

-0.512209, -0.858861
-0.589754, -1.85585

-0.485764, -0.87409
-0.521569, -1.87345

-0.455304, -0.890336
-0.453216, -1.89033

-0.420774, -0.907165
-0.384871, -1.90652

-0.382149, -0.924101
-0.316693, -1.92196

-0.339442, -0.940627
-0.248828, -1.93651

-0.292724, -0.956197
-0.181418, -1.94998

-0.242135, -0.970243
-0.114601, -1.96208

-0.187911, -0.982186
-0.0485109, -1.97242

-0.130411, -0.99146
0.0167201, -1.98058

-0.0701393, -0.997537
0.0809713, -1.98605

-0.007766, -0.99997
0.144141, -1.98836

0.0558722, -0.998438
0.206157, -1.98708

0.119806, -0.992797
0.266987, -1.98191

0.183002, -0.983112
0.326641, -1.97274

0.244455, -0.969661
0.385164, -1.95971

0.303277, -0.952902
0.442626, -1.94315

0.358765, -0.933428
0.499106, -1.92353

0.410418, -0.911897
0.554677, -1.90144

0.457933, -0.888987
0.6094, -1.87745

0.501164, -0.865352
0.663315, -1.85212

0.540093, -0.841606
0.716446, -1.82593

0.574785, -0.818305
0.768794, -1.7993

0.605363, -0.795949
0.820346, -1.77257

0.631985, -0.77498
0.871067, -1.74598

0.654823, -0.755782
0.920906, -1.71973

0.674052, -0.738683
0.969792, -1.69395

0.68984, -0.723961
1.01763, -1.66871

0.702341, -0.71184
1.0643, -1.64403

0.711691, -0.702493
1.10966, -1.61989

0.718006, -0.696037
1.15352, -1.59622

0.721384, -0.692535
1.19565, -1.57291

0.721908, -0.691989
1.2358, -1.54984

0.719658, -0.694329
1.27365, -1.52685

0.714716, -0.699415
1.30883, -1.50379

0.70719, -0.707024
1.34097, -1.48053

0.697218, -0.716859
1.36967, -1.457

0.684984, -0.728558
1.39456, -1.43319

0.670714, -0.741716
1.41532, -1.40922

0.654664, -0.75592
1.43177, -1.38529

0.637099, -0.770782
1.44382, -1.36171

0.618273, -0.785964
1.45152, -1.33886

0.598403, -0.801195
1.45502, -1.31714

0.577666, -0.816273
1.45456, -1.29696

0.556191, -0.831055
1.45042, -1.27867

0.534069, -0.845441
1.4429, -1.2626

0.511359, -0.859367
1.43231, -1.24904

0.488097, -0.872789
1.41893, -1.23822

0.464308, -0.885674
1.40304, -1.23033

0.440011, -0.897992
1.38485, -1.22552

0.415228, -0.909717
1.36459, -1.2239

0.389989, -0.92082
1.34242, -1.22557

0.364337, -0.931267
1.31849, -1.2306

0.338332, -0.941027
1.2929, -1.23903

0.312054, -0.950064
1.26574, -1.25088

0.285608, -0.958347
1.23705, -1.26618

0.259121, -0.965845
1.20686, -1.2849

0.232747, -0.972537
1.17514, -1.30704

0.20667, -0.978411
1.14187, -1.33254

0.181096, -0.983465
1.10696, -1.36133

0.156263, -0.987716
1.0703, -1.39334

0.132429, -0.991192
1.03178, -1.42843

0.10988, -0.993945
0.99121, -1.46645

0.0889219, -0.996039
0.948415, -1.50719

0.0698784, -0.997556
0.903173, -1.55038

0.053091, -0.99859
0.855241, -1.59571

0.0389136, -0.999243
0.804351, -1.64275

0.0277082, -0.999616
0.750219, -1.69098

0.0198372, -0.999803
0.692544, -1.73971

0.0156492, -0.999878
0.631019, -1.78812

0.0154518, -0.999881
0.565355, -1.83511

0.0194605, -0.999811
0.495316, -1.87933

0.0277109, -0.999616
0.420787, -1.91912

0.0399228, -0.999203
0.341888, -1.95252

0.0553417, -0.998467
0.259109, -1.97749

0.0726459, -0.997358
0.173418, -1.99227

0.0900639, -0.995936
0.0862088, -1.99593

0.10574, -0.994394
-0.000959185, -1.98869

0.118154, -0.992995
-0.0867002, -1.97179

0.126335, -0.991988
-0.170017, -1.94707

0.129835, -0.991536
-0.250323, -1.91646

0.128573, -0.9917
-0.327348, -1.88172

0.122688, -0.992445
-0.401031, -1.84434

0.112434, -0.993659
-0.471433, -1.80551

0.0981225, -0.995174
-0.538684, -1.7662

0.080088, -0.996788
-0.602946, -1.72717

0.0586742, -0.998277
-0.664395, -1.68905

0.034226, -0.999414
-0.723208, -1.65233

0.00708517, -0.999975
-0.779555, -1.61739

-0.0224127, -0.999749
-0.83359, -1.58455

-0.0539414, -0.998544
-0.885448, -1.55406

-0.0871875, -0.996192
-0.935239, -1.52611

-0.121854, -0.992548
-0.983045, -1.50083

-0.157661, -0.987493
-1.02891, -1.47833

-0.194351, -0.980932
-1.07286, -1.45866

-0.231689, -0.97279
-1.11485, -1.44186

-0.269462, -0.963011
-1.15483, -1.4279

-0.307478, -0.951555
-1.19269, -1.41674

-0.345563, -0.938396
-1.22827, -1.40831

-0.383554, -0.923518
-1.26139, -1.40249

-0.421295, -0.906924
-1.29179, -1.3991

-0.458625, -0.88863
-1.31921, -1.39794

-0.495365, -0.868685
-1.34333, -1.39875

-0.531309, -0.847178
-1.36381, -1.4012

-0.566208, -0.824262
-1.38035, -1.40493

-0.599766, -0.800175
-1.39264, -1.40956

-0.631643, -0.775259
-1.40049, -1.41469

-0.661474, -0.749968
-1.40383, -1.41998

-0.688909, -0.724848
-1.40273, -1.42518

-0.713647, -0.700506
-1.39743, -1.43019

-0.73548, -0.677546
-1.38831, -1.43505

-0.754304, -0.656525
-1.37583, -1.43992

-0.770109, -0.637912
-1.36044, -1.44507

-0.782958, -0.622075
-1.34261, -1.4508

-0.792951, -0.609285
-1.32273, -1.45742

-0.800203, -0.599729
-1.30114, -1.46522

-0.804817, -0.593522
-1.27809, -1.47444

-0.806871, -0.590727
-1.25382, -1.48529

-0.806408, -0.59136
-1.22847, -1.49793

-0.80343, -0.595399
-1.20219, -1.51246

-0.797898, -0.602793
-1.17504, -1.52895

-0.789728, -0.613457
-1.14711, -1.54741

-0.778798, -0.627275
-1.11843, -1.56783

-0.764941, -0.6441
-1.089, -1.59014

-0.747958, -0.663746
-1.05884, -1.61419

-0.727615, -0.685986
-1.02791, -1.63983

-0.703653, -0.710544
-0.996168, -1.6668

-0.675799, -0.737086
-0.963537, -1.6948

-0.643778, -0.765212
-0.929912, -1.7234

-0.607341, -0.794441
-0.895152, -1.75213

-0.566295, -0.824203
-0.85907, -1.78038

-0.520553, -0.853829
-0.821433, -1.80749

-0.470194, -0.882563
-0.781965, -1.83272

-0.415522, -0.909583
-0.740355, -1.85535

-0.357108, -0.934063
-0.696296, -1.87478

-0.295785, -0.955255
-0.64952, -1.8906

-0.232576, -0.972578
-0.599853, -1.90269

-0.168581, -0.985688
-0.547236, -1.91123

-0.104847, -0.994488
-0.491733, -1.91662

-0.0422916, -0.999105
-0.433498, -1.91941

0.0183388, -0.999832
-0.372744, -1.92019

0.0764612, -0.997073
-0.309705, -1.9195

0.13163, -0.991299
-0.244609, -1.91782

0.183507, -0.983018
-0.17767, -1.91552

0.231836, -0.972755
-0.109074, -1.91285

0.276421, -0.961037
-0.0389886, -1.90999

0.317113, -0.948388
0.0324389, -1.90701

0.3538, -0.935321
0.105069, -1.90389

0.386399, -0.922332
0.178765, -1.90054

0.414854, -0.909888
0.253379, -1.89676

0.439128, -0.898424
0.32874, -1.89231

0.459201, -0.888332
0.404645, -1.88684

0.475074, -0.879946
0.480837, -1.87993

0.486768, -0.873531
0.556987, -1.87106

0.494342, -0.869268
0.632672, -1.85965

0.497913, -0.867227
0.707353, -1.84505

0.497691, -0.867354
0.780353, -1.82657

0.49402, -0.86945
0.850863, -1.80361

0.487414, -0.873171
0.917984, -1.77573

0.478551, -0.87806
0.980812, -1.74278

0.468226, -0.883609
1.03857, -1.70501

0.45724, -0.889343
1.09073, -1.66309

0.446296, -0.894885
1.13706, -1.61796

0.435917, -0.899987
1.17764, -1.5707

0.426434, -0.904519
1.21273, -1.52237

0.418003, -0.908446
1.24274, -1.47397

0.410651, -0.911793
1.26813, -1.4263

0.404315, -0.91462
1.28939, -1.38006

0.398877, -0.917004
1.30696, -1.3358

0.394191, -0.919029
1.32125, -1.29394

0.390094, -0.920775
1.33265, -1.25482

0.386424, -0.922321
1.34149, -1.21871

0.383024, -0.923739
1.34807, -1.18581

0.379745, -0.925091
1.35265, -1.1563

0.376452, -0.926436
1.35546, -1.13027

0.373024, -0.927822
1.35669, -1.10784

0.369358, -0.929287
1.35651, -1.08907

0.365363, -0.930865
1.35506, -1.07402

0.36097, -0.932577
1.35247, -1.06271

0.356124, -0.934439
1.34881, -1.05519

0.350791, -0.936454
1.34415, -1.05146

0.344952, -0.93862
1.33855, -1.05155

0.33861, -0.940927
1.33203, -1.05545

0.331786, -0.943355
1.32458, -1.06316

0.324521, -0.945879
1.31619, -1.07468

0.316877, -0.948467
1.30681, -1.08999

0.308937, -0.951083
1.29638, -1.10907

0.300805, -0.953686
1.2848, -1.13189

0.292607, -0.956233
1.27196, -1.15839

0.284491, -0.958679
1.25772, -1.18853

0.27663, -0.960977
1.2419, -1.22221

0.269214, -0.96308
1.22432, -1.25933

0.262459, -0.964943
1.20474, -1.29975

0.256599, -0.966518
1.18291, -1.34329

0.251888, -0.967757
1.15851, -1.3897

0.248595, -0.968608
1.13123, -1.43867

0.246999, -0.969016
1.10067, -1.48982

0.247384, -0.968918
1.06644, -1.54264

0.250015, -0.968242
1.02806, -1.59645

0.255123, -0.966909
0.985048, -1.65044

0.26285, -0.964837
0.936912, -1.70351

0.273192, -0.96196
0.883195, -1.75436

0.285896, -0.958261
0.823572, -1.80141

0.300368, -0.953823
0.757977, -1.84298

0.315619, -0.948886
0.686745, -1.87747

0.330341, -0.943862
0.610677, -1.90376

0.343137, -0.939285
0.530954, -1.92149

0.35279, -0.935702
0.448907, -1.93107

0.358438, -0.933553
0.365768, -1.93353

0.359589, -0.933111
0.282535, -1.93014

0.356037, -0.934472
0.199936, -1.92221

0.347761, -0.937583
0.118468, -1.91094

0.334844, -0.942274
0.038459, -1.89734

0.317424, -0.948284
-0.0398869, -1.88227

0.295669, -0.95529
-0.116446, -1.86642

0.269764, -0.962926
-0.191147, -1.85037

0.239907, -0.970796
-0.263951, -1.83458

0.206307, -0.978487
-0.334838, -1.81942

0.169187, -0.985584
-0.403789, -1.80516

0.128779, -0.991673
-0.470778, -1.79201

0.0853287, -0.996353
-0.53576, -1.78009

0.0390899, -0.999236
-0.598664, -1.76948

-0.00967199, -0.999953
-0.659381, -1.76014

-0.0606784, -0.998157
-0.717759, -1.75198

-0.113632, -0.993523
-0.773596, -1.74482

-0.168204, -0.985752
-0.826634, -1.73839

-0.224019, -0.974585
-0.876565, -1.73233

-0.280627, -0.959817
-0.923041, -1.72617

-0.337478, -0.941333
-0.965696, -1.71937

-0.393898, -0.919154
-1.00419, -1.71133

-0.44909, -0.893486
-1.03828, -1.70148

-0.502171, -0.864768
-1.06787, -1.68938

-0.55227, -0.833666
-1.09308, -1.67481

-0.59864, -0.801018
-1.11424, -1.65785

-0.640765, -0.767737
-1.13181, -1.63887

-0.678393, -0.734699
-1.14635, -1.61845

-0.711515, -0.702671
-1.15841, -1.59726

-0.740295, -0.672283
-1.16846, -1.57598

-0.765005, -0.644024
-1.1769, -1.55525

-0.785966, -0.61827
-1.18407, -1.53561

-0.803503, -0.595301
-1.1902, -1.51751

-0.817925, -0.575325
-1.19548, -1.50131

-0.829506, -0.558498
-1.20006, -1.48731

-0.83848, -0.544933
-1.20404, -1.47572

-0.845035, -0.534711
-1.20749, -1.46671

-0.849312, -0.527891
-1.21047, -1.4604

-0.851405, -0.524508
-1.21299, -1.45685

-0.851359, -0.524583
-1.21508, -1.45609

-0.84917, -0.528119
-1.21673, -1.45812

-0.844788, -0.535101
-1.21791, -1.46288

-0.838112, -0.545499
-1.21857, -1.4703

-0.828994, -0.559257
-1.21866, -1.48021

-0.81724, -0.576298
-1.21806, -1.49245

-0.80261, -0.596505
-1.21666, -1.50676

-0.784825, -0.619718
-1.21426, -1.52281

-0.76358, -0.645714
-1.21064, -1.54022

-0.73856, -0.674188
-1.20549, -1.55848

-0.709476, -0.70473
-1.19842, -1.57704

-0.676111, -0.7368
-1.18897, -1.59528

-0.638386, -0.769717
-1.17658, -1.61254

-0.596422, -0.802671
-1.1607, -1.62825

-0.550584, -0.83478
-1.14081, -1.64202

-0.501472, -0.865174
-1.1165, -1.65368

-0.449842, -0.893108
-1.08759, -1.66335

-0.396509, -0.918031
-1.05411, -1.6714

-0.342241, -0.939612
-1.01624, -1.67835

-0.287708, -0.957718
-0.974304, -1.68476

-0.233466, -0.972365
-0.928679, -1.69117

-0.179972, -0.983672
-0.879726, -1.69806

-0.127611, -0.991824
-0.827779, -1.7058

-0.0767175, -0.997053
-0.773122, -1.7147

-0.0275966, -0.999619
-0.715983, -1.72496

0.0194633, -0.999811
-0.656538, -1.73671

0.0641828, -0.997938
-0.59491, -1.75

0.106288, -0.994335
-0.531183, -1.76481

0.145512, -0.989357
-0.465402, -1.78105

0.18159, -0.983374
-0.397585, -1.79858

0.214269, -0.976775
-0.327735, -1.81715

0.243301, -0.969951
-0.255841, -1.83647

0.268452, -0.963293
-0.1819, -1.85614

0.289495, -0.957179
-0.10592, -1.87568

0.306218, -0.951962
-0.0279422, -1.89448

0.318424, -0.947948
0.0519406, -1.91179

0.325952, -0.945386
0.133555, -1.9267

0.328699, -0.944435
0.216603, -1.93813

0.32668, -0.945135
0.300609, -1.9448

0.320118, -0.947378
0.384854, -1.94528

0.309554, -0.950882
0.468328, -1.9382

0.295937, -0.955207
0.549761, -1.92246

0.280591, -0.959828
0.627772, -1.89763

0.265009, -0.964246
0.701135, -1.86413

0.250549, -0.968104
0.769016, -1.8232

0.238205, -0.971215
0.831065, -1.77652

0.228543, -0.973534
0.887332, -1.72586

0.221776, -0.975098
0.938126, -1.67284

0.217873, -0.975977
0.983884, -1.6188

0.216657, -0.976248
1.02508, -1.56485

0.217874, -0.975977
1.06219, -1.51182

0.221234, -0.975221
1.09566, -1.46038

0.226437, -0.974026
1.12588, -1.41106

0.233186, -0.972432
1.15322, -1.36426

0.241198, -0.970476
1.17802, -1.32029

0.250204, -0.968193
1.20055, -1.27938

0.259957, -0.96562
1.22108, -1.24174

0.27023, -0.962796
1.23983, -1.20751

0.280819, -0.959761
1.25698, -1.17679

0.291543, -0.956558
1.27272, -1.14967

0.302243, -0.953231
1.28717, -1.12622

0.312786, -0.949824
1.30044, -1.10649

0.323059, -0.946379
1.31262, -1.0905

0.332973, -0.942936
1.32377, -1.07827

0.342459, -0.939533
1.33393, -1.06984

0.351472, -0.936198
1.34312, -1.06519

0.359985, -0.932958
1.35132, -1.06434

0.367992, -0.929829
1.3585, -1.06727

0.375505, -0.92682
1.36462, -1.07397

0.382554, -0.923933
1.36959, -1.08443

0.389186, -0.921159
1.37332, -1.09859

0.395467, -0.91848
1.37568, -1.11644

0.401476, -0.915869
1.37652, -1.13789

0.407308, -0.913291
1.37566, -1.16287

0.413071, -0.910699
1.3729, -1.19129

0.418884, -0.90804
1.36799, -1.22299

0.424876, -0.905252
1.36067, -1.25781

0.431179, -0.902267
1.35061, -1.29551

0.437924, -0.899012
1.33748, -1.33582

0.445233, -0.895415
1.32089, -1.37835

0.453199, -0.891409
1.30041, -1.42266

0.461876, -0.886945
1.27562, -1.46817

0.471244, -0.882003
1.24606, -1.51419

0.481183, -0.87662
1.21135, -1.55989

0.491441, -0.870911
1.17116, -1.60439

0.501612, -0.865093
1.12535, -1.64673

0.511142, -0.859496
1.07401, -1.68604

0.51938, -0.854543
1.01749, -1.72166

0.525649, -0.850701
0.956371, -1.75319

0.529333, -0.848414
0.891392, -1.78057

0.529931, -0.848041
0.823354, -1.80402

0.527074, -0.849819
0.753023, -1.82396

0.520508, -0.853857
0.681075, -1.84088

0.510067, -0.860135
0.608076, -1.85532

0.495643, -0.868526
0.534488, -1.86777

0.477166, -0.878813
0.460682, -1.87868

0.45459, -0.890701
0.386955, -1.88841

0.427885, -0.903833
0.313549, -1.89728

0.397042, -0.9178
0.240665, -1.9055

0.362072, -0.93215
0.168476, -1.91323

0.323008, -0.946396
0.0971406, -1.92055

0.279919, -0.960024
0.0268087, -1.92746

0.232911, -0.972498
-0.0423666, -1.93386

0.182145, -0.983272
-0.110224, -1.93958

0.127848, -0.991794
-0.176589, -1.94433

0.0703381, -0.997523
-0.241274, -1.94773

0.01005, -0.999949
-0.304082, -1.94933

-0.0524361, -0.998624
-0.364819, -1.94858

-0.116372, -0.993206
-0.423317, -1.94493

-0.18084, -0.983513
-0.479457, -1.93789

-0.244791, -0.969576
-0.533197, -1.92708

-0.307132, -0.951667
-0.584589, -1.91241

-0.366837, -0.930285
-0.633772, -1.894

-0.423059, -0.906102
-0.680948, -1.87228

-0.47519, -0.879883
-0.726348, -1.84783

-0.522874, -0.85241
-0.7702, -1.82134

-0.565973, -0.824424
-0.812705, -1.79351

-0.604509, -0.796599
-0.854031, -1.76497

-0.638617, -0.769524
-0.894309, -1.73628

-0.6685, -0.743712
-0.933636, -1.70792

-0.69439, -0.719599
-0.972078, -1.68027

-0.716532, -0.697554
-1.00968, -1.65362

-0.735163, -0.67789
-1.04645, -1.6282

-0.750502, -0.660868
-1.0824, -1.60418

-0.762742, -0.646703
-1.1175, -1.58166

-0.772045, -0.635568
-1.1517, -1.5607

-0.778539, -0.627597
-1.18493, -1.5413

-0.782313, -0.622886
-1.2171, -1.52342

-0.78342, -0.621492
-1.24806, -1.50699

-0.781877, -0.623432
-1.27766, -1.49188

-0.77767, -0.628673
-1.30568, -1.47791

-0.770761, -0.637124
-1.33184, -1.46489

-0.761104, -0.64863
-1.35582, -1.45257

-0.748662, -0.662952
-1.37723, -1.44071

-0.73343, -0.679765
-1.39565, -1.42907

-0.715463, -0.698651
-1.41065, -1.41748

-0.694886, -0.71912
-1.4218, -1.40585

-0.671905, -0.740637
-1.42878, -1.39419

-0.646786, -0.762671
-1.43139, -1.38267

-0.619832, -0.784734
-1.42955, -1.37156

-0.591344, -0.806419
-1.42334, -1.3612

-0.561598, -0.82741
-1.41297, -1.35198

-0.530826, -0.847481
-1.3987, -1.34427

-0.499219, -0.866476
-1.38085, -1.33842

-0.466928, -0.884295
-1.35973, -1.33475

-0.434079, -0.900875
-1.33565, -1.3335

-0.400779, -0.916175
-1.3089, -1.33488

-0.367133, -0.930168
-1.27972, -1.33906

-0.333247, -0.942839
-1.24831, -1.34616

-0.29924, -0.954178
-1.21484, -1.35627

-0.265248, -0.96418
-1.17944, -1.36945

-0.231425, -0.972853
-1.14221, -1.38574

-0.197952, -0.980212
-1.10318, -1.40514

-0.165035, -0.986288
-1.06238, -1.42762

-0.132904, -0.991129
-1.01978, -1.45314

-0.101815, -0.994803
-0.975328, -1.4816

-0.0720463, -0.997401
-0.928931, -1.51291

-0.0438973, -0.999036
-0.880472, -1.54689

-0.0176855, -0.999844
-0.829803, -1.58334

0.00625689, -0.99998
-0.776751, -1.62199

0.0275857, -0.999619
-0.721126, -1.66251

0.0459481, -0.998944
-0.662719, -1.70449

0.0609862, -0.998139
-0.601311, -1.74738

0.0723425, -0.99738
-0.536681, -1.79053

0.0796708, -0.996821
-0.468616, -1.83311

0.0826567, -0.996578
-0.396938, -1.87407

0.0810603, -0.996709
-0.321537, -1.91209

0.0747927, -0.997199
-0.242438, -1.94555

0.0640429, -0.997947
-0.159901, -1.97255

0.0494435, -0.998777
-0.074547, -1.99106

0.0322015, -0.999481
0.0125545, -1.99929

0.0140463, -0.999901
0.099946, -1.99621

-0.00309531, -0.999995
0.186048, -1.98194

-0.0175519, -0.999846
0.269513, -1.95776

-0.0281982, -0.999602
0.349437, -1.92556

-0.0344739, -0.999406
0.42537, -1.88741

-0.0362414, -0.999343
0.497196, -1.84518

-0.0336227, -0.999435
0.565001, -1.80047

-0.0268795, -0.999639
0.62898, -1.75452

-0.0163409, -0.999866
0.689379, -1.70836

-0.00236395, -0.999997
0.746459, -1.66277

0.0146868, -0.999892
0.80048, -1.61838

0.0344491, -0.999406
0.851694, -1.5757

0.0565691, -0.998399
0.900334, -1.53511

0.0807048, -0.996738
0.946612, -1.49694

0.106529, -0.99431
0.990721, -1.46143

0.133734, -0.991017
1.03282, -1.42878

0.16203, -0.986786
1.07305, -1.39914

0.191152, -0.98156
1.11152, -1.37262

0.220861, -0.975305
1.14829, -1.34929

0.250942, -0.968002
1.18342, -1.32923

0.281208, -0.959647
1.21691, -1.31244

0.311498, -0.950247
1.24873, -1.29895

0.341679, -0.939817
1.27883, -1.28874

0.371637, -0.928378
1.30711, -1.28176

0.401283, -0.915954
1.33345, -1.27798

0.43054, -0.902571
1.35768, -1.27729

0.459346, -0.888257
1.3796, -1.27959

0.487641, -0.873044
1.39897, -1.28472

0.515363, -0.856972
1.41554, -1.2925

0.542438, -0.840096
1.429, -1.3027

0.56877, -0.822496
1.43906, -1.31503

0.594231, -0.804294
1.4454, -1.32918

0.618653, -0.785664
1.44774, -1.34478

0.641823, -0.766853
1.44585, -1.36144

0.663492, -0.748183
1.4396, -1.37879

0.683389, -0.730054
1.42896, -1.39649

0.701246, -0.712919
1.41404, -1.41429

0.716827, -0.697251
1.39511, -1.43205

0.729945, -0.683506
1.37249, -1.44975

0.740473, -0.672086
1.34659, -1.46746

0.748336, -0.66332
1.31781, -1.48533

0.753497, -0.657452
1.28655, -1.50353

0.755935, -0.654647
1.25316, -1.52227

0.755632, -0.654996
1.21792, -1.54173

0.752557, -0.658528
1.18109, -1.56205

0.746653, -0.665214
1.14288, -1.58337

0.737838, -0.674978
1.10343, -1.60575

0.725999, -0.687695
1.06287, -1.62925

0.710995, -0.703197
1.0213, -1.65383

0.692656, -0.721268
0.978795, -1.67946

0.670792, -0.741645
0.935392, -1.706

0.645198, -0.764016
0.891119, -1.73331

0.615662, -0.78801
0.845983, -1.76112

0.581986, -0.813199
0.799968, -1.78915

0.543997, -0.839087
0.753036, -1.81699

0.501578, -0.865112
0.705124, -1.84418

0.454706, -0.890642
0.656143, -1.87014

0.403488, -0.914985
0.605976, -1.89427

0.348215, -0.937415
0.554482, -1.91591

0.289396, -0.957209
0.501508, -1.93445

0.227769, -0.973715
0.446903, -1.94941

0.164268, -0.986416
0.390544, -1.96048

0.0999438, -0.994993
0.33236, -1.96761

0.0358573, -0.999357
0.272346, -1.97099

-0.0270154, -0.999635
0.210559, -1.971

-0.0878472, -0.996134
0.147113, -1.96814

-0.145982, -0.989287
0.0821506, -1.96292

-0.200924, -0.979607
0.0158349, -1.95583

-0.252317, -0.967645
-0.0516693, -1.94731

-0.299915, -0.953966
-0.1202, -1.93768

-0.343555, -0.939132
-0.189602, -1.92721

-0.383142, -0.92369
-0.259721, -1.91604

-0.418626, -0.908159
-0.330403, -1.90426

-0.449999, -0.893029
-0.401486, -1.89185

-0.477279, -0.878752
-0.47279, -1.87874

-0.500508, -0.865732
-0.544113, -1.86478

-0.519744, -0.854322
-0.615215, -1.84975

-0.535062, -0.844813
-0.685807, -1.83339

-0.546557, -0.837422
-0.75554, -1.81534

-0.554351, -0.832283
-0.823991, -1.79524

-0.558609, -0.829431
-0.890649, -1.7727

-0.559557, -0.828792
-0.954923, -1.74732

-0.557507, -0.830172
-1.01615, -1.71879

-0.552865, -0.833271
-1.07364, -1.68696

-0.546127, -0.837702
-1.12675, -1.65188

-0.537848, -0.843042
-1.17495, -1.61382

-0.528581, -0.848883
-1.2179, -1.57334

-0.518817, -0.854885
-1.2555, -1.53113

-0.508947, -0.860798
-1.28782, -1.48798

-0.499238, -0.866465
-1.31511, -1.4447

-0.489847, -0.871809
-1.33772, -1.402

-0.480833, -0.876812
-1.35605, -1.36054

-0.472189, -0.881497
-1.3705, -1.32085

-0.463861, -0.885908
-1.38148, -1.28337

-0.455765, -0.8901
-1.38935, -1.24846

-0.447801, -0.894133
-1.39445, -1.21641

-0.439865, -0.898064
-1.39708, -1.18743

-0.431853, -0.901944
-1.39753, -1.16171

-0.423665, -0.905819
-1.39601, -1.13938

-0.415214, -0.909724
-1.39274, -1.12054

-0.40642, -0.913686
-1.38789, -1.10529

-0.397219, -0.917724
-1.38162, -1.09367

-0.387562, -0.921844
-1.37404, -1.08574

-0.377414, -0.926045
-1.36525, -1.08153

-0.366758, -0.930316
-1.35533, -1.08106

-0.355596, -0.93464
-1.34433, -1.08435

-0.343947, -0.938989
-1.33227, -1.09139

-0.331853, -0.943331
-1.31915, -1.1022

-0.319374, -0.947629
-1.30497, -1.11675

-0.306594, -0.95184
-1.28967, -1.13503

-0.29362, -0.955922
-1.27319, -1.157

-0.280581, -0.95983
-1.25544, -1.18264

-0.267631, -0.963521
-1.2363, -1.21188

-0.254948, -0.966955
-1.21562, -1.24464

-0.242733, -0.970093
-1.19323, -1.28082

-0.231211, -0.972904
-1.16893, -1.3203

-0.220629, -0.975358
-1.14248, -1.3629

-0.211255, -0.977431
-1.11362, -1.4084

-0.203376, -0.979101
-1.08205, -1.45652

-0.197294, -0.980344
-1.04743, -1.5069

-0.193322, -0.981135
-1.0094, -1.55908

-0.191768, -0.98144
-0.967544, -1.61245

-0.192924, -0.981214
-0.921424, -1.66626

-0.197031, -0.980397
-0.870587, -1.71953

-0.204225, -0.978924
-0.814596, -1.77104

-0.214456, -0.976734
-0.753093, -1.81927

-0.227378, -0.973807
-0.685909, -1.86249

-0.242232, -0.970218
-0.613203, -1.89886

-0.257821, -0.966193
-0.535595, -1.92684

-0.272644, -0.962115
-0.454162, -1.9455

-0.285191, -0.958471
-0.370271, -1.95484

-0.294238, -0.955732
-0.285297, -1.95569

-0.298992, -0.954256
-0.200395, -1.94938

-0.299055, -0.954236
-0.116418, -1.93742

-0.294313, -0.955709
-0.0339341, -1.92122

-0.284823, -0.95858
0.0467034, -1.90203

-0.270737, -0.962653
0.125293, -1.88089

-0.252256, -0.96766
0.201734, -1.85867

-0.229606, -0.973284
0.275989, -1.83606

-0.203027, -0.979173
0.348058, -1.81362

-0.172773, -0.984962
0.417964, -1.79183

-0.139105, -0.990278
0.485737, -1.77103

-0.102292, -0.994754
0.551402, -1.75151

-0.0626092, -0.998038
0.614971, -1.73349

-0.0203361, -0.999793
0.676431, -1.71709

0.0242465, -0.999706
0.735741, -1.7024

0.0708568, -0.997486
0.792819, -1.68942

0.119212, -0.992869
0.847539, -1.6781

0.169023, -0.985612
0.899723, -1.66831

0.219989, -0.975502
0.94914, -1.65985

0.271786, -0.962358
0.995506, -1.65245

0.324044, -0.946042
1.03849, -1.64574

0.376331, -0.926485
1.07772, -1.63927

0.428124, -0.90372
1.11284, -1.63253

0.478806, -0.877921
1.14354, -1.625

0.527672, -0.849448
1.16962, -1.6162

0.573989, -0.818863
1.19106, -1.60577

0.617074, -0.786905
1.20806, -1.59359

0.656399, -0.754414
1.22099, -1.57979

0.691646, -0.722237
1.23037, -1.56472

0.722716, -0.691145
1.23676, -1.54891

0.749697, -0.661781
1.2407, -1.53294

0.772797, -0.634653
1.24266, -1.51739

0.792292, -0.610142
1.24304, -1.50279

0.808477, -0.588528
1.24215, -1.4896

0.821635, -0.570014
1.24022, -1.47819

0.832024, -0.554739
1.23746, -1.46886

0.83986, -0.542804
1.23398, -1.46186

0.845313, -0.534271
1.22989, -1.45736

0.848509, -0.529181
1.22526, -1.45549

0.849523, -0.527551
1.22015, -1.45633

0.848384, -0.529382
1.21456, -1.45993

0.84507, -0.534655
1.20852, -1.46627

0.839514, -0.543338
1.202, -1.47533

0.8316, -0.555376
1.19499, -1.48701

0.821164, -0.570693
1.18742, -1.50121

0.807998, -0.589186
1.17922, -1.51773

0.79185, -0.610715
1.17029, -1.53634

0.772432, -0.635098
1.16049, -1.55673

0.749424, -0.662091
1.14962, -1.57852

0.722498, -0.691373
1.13744, -1.60122

0.691343, -0.722526
1.12362, -1.62427

0.655714, -0.75501
1.10776, -1.647

0.615487, -0.788147
1.08941, -1.66872

0.57074, -0.821131
1.06801, -1.68873

0.521805, -0.853065
1.04307, -1.70646

0.469285, -0.883047
1.01413, -1.72158

0.414001, -0.910276
0.980918, -1.73405

0.356878, -0.934151
0.943358, -1.74411

0.298825, -0.954308
0.901567, -1.75224

0.240653, -0.970611
0.855799, -1.75902

0.183037, -0.983106
0.806389, -1.76505

0.126527, -0.991963
0.753686, -1.77086

0.0715702, -0.997436
0.698019, -1.7769

0.0185391, -0.999828
0.639676, -1.78353

-0.0322419, -0.99948
0.578897, -1.791

-0.0804818, -0.996756
0.515867, -1.79948

-0.125912, -0.992041
0.450729, -1.80904

-0.16828, -0.985739
0.383586, -1.81967

-0.207351, -0.978267
0.314508, -1.8313

-0.242899, -0.970052
0.243547, -1.84376

-0.274716, -0.961525
0.170743, -1.85683

-0.302608, -0.953115
0.0961347, -1.87018

-0.326391, -0.945235
0.0197756, -1.88341

-0.345898, -0.938272
-0.0582544, -1.89601

-0.360977, -0.932575
-0.137829, -1.90736

-0.371501, -0.928433
-0.218749, -1.9167

-0.377385, -0.926057
-0.300712, -1.92311

-0.378624, -0.925551
-0.383266, -1.92554

-0.375356, -0.926881
-0.465757, -1.92279

-0.36795, -0.929845
-0.54729, -1.91363

-0.357092, -0.934069
-0.62673, -1.89703

-0.343812, -0.939038
-0.702807, -1.87238

-0.329387, -0.944195
-0.774314, -1.83976

-0.315108, -0.949056
-0.840344, -1.80001

-0.30205, -0.953292
-0.900427, -1.75451

-0.290936, -0.956743
-0.954512, -1.70485

-0.282139, -0.959373
-1.00285, -1.65261

-0.275765, -0.961225
-1.04587, -1.59914

-0.271736, -0.962372
-1.08407, -1.54557

-0.26987, -0.962897
-1.11793, -1.4928

-0.26993, -0.96288
-1.14793, -1.44153

-0.271653, -0.962395
-1.17452, -1.39231

-0.274773, -0.961509
-1.19808, -1.34556

-0.27903, -0.960282
-1.21897, -1.30161

-0.284177, -0.958772
-1.2375, -1.26073

-0.289983, -0.957032
-1.25394, -1.2231

-0.296239, -0.955114
-1.26853, -1.18887

-0.302752, -0.953069
-1.28149, -1.15818

-0.309354, -0.950947
-1.29299, -1.13109

-0.315897, -0.948793
-1.30319, -1.10769

-0.322255, -0.946653
-1.31221, -1.08801

-0.328322, -0.944566
-1.32016, -1.0721

-0.334013, -0.942568
-1.3271, -1.05999

-0.339267, -0.94069
-1.33309, -1.05168

-0.344039, -0.938956
-1.33816, -1.04718

-0.348305, -0.937381
-1.34233, -1.04651

-0.352061, -0.935977
-1.34558, -1.04966

-0.355323, -0.934744
-1.34787, -1.05661

-0.358122, -0.933675
-1.34915, -1.06736

-0.360512, -0.932754
-1.34933, -1.08189

-0.362562, -0.93196
-1.34832, -1.10015

-0.36436, -0.931258
-1.34598, -1.1221

-0.36601, -0.930611
-1.34216, -1.14769

-0.367636, -0.92997
-1.33669, -1.17683

-0.369375, -0.92928
-1.32934, -1.2094

-0.371382, -0.92848
-1.31987, -1.24528

-0.373823, -0.9275
-1.30801, -1.28427

-0.376874, -0.926264
-1.29344, -1.32615

-0.380716, -0.924692
-1.2758, -1.37059

-0.385523, -0.922698
-1.25468, -1.41723

-0.391454, -0.920198
-1.22966, -1.46555

-0.398629, -0.917112
-1.20026, -1.51492

-0.407096, -0.913385
-1.166, -1.56458

-0.416797, -0.909
-1.12642, -1.61358

-0.427511, -0.90401
-1.08115, -1.66082

-0.438816, -0.898577
-1.02998, -1.70513

-0.450067, -0.892995
-0.972978, -1.74538

-0.460448, -0.887687
-0.910533, -1.78067

-0.469068, -0.883162
-0.843346, -1.81048

-0.4751, -0.879932
-0.77233, -1.83474

-0.477879, -0.878426
-0.69846, -1.85379

-0.476938, -0.878937
-0.622653, -1.86826

-0.471987, -0.881605
-0.545688, -1.87889

-0.462868, -0.886427
-0.468193, -1.88641

-0.449508, -0.893277
-0.390656, -1.89154

-0.431886, -0.901928
-0.313446, -1.89489

-0.410013, -0.91208
-0.236849, -1.89697

-0.383922, -0.923365
-0.161083, -1.89822

-0.353664, -0.935372
-0.0863219, -1.89897

-0.319309, -0.947651
-0.012711, -1.89949

-0.280946, -0.959724
0.0596198, -1.89994

-0.238692, -0.971095
0.130544, -1.90043

-0.192691, -0.981259
0.19993, -1.90096

-0.143125, -0.989705
0.267628, -1.90145

-0.0902209, -0.995922
0.333465, -1.90173

-0.0342647, -0.999413
0.397242, -1.90152

0.0243772, -0.999703
0.458731, -1.90045

0.0852326, -0.996361
0.517682, -1.89802

0.147692, -0.989033
0.573842, -1.89369

0.210986, -0.977489
0.626982, -1.88686

0.274184, -0.961677
0.676942, -1.87698

0.336232, -0.941779
0.723667, -1.86368

0.396055, -0.918227
0.767239, -1.84679

0.452673, -0.891677
0.807873, -1.82647

0.505323, -0.86293
0.845877, -1.80316

0.553512, -0.832841
0.881604, -1.77749

0.597013, -0.802232
0.915401, -1.75019

0.635815, -0.771842
0.947578, -1.722

0.670058, -0.742309
0.978394, -1.69359

0.699974, -0.714169
1.00805, -1.66553

0.725839, -0.687864
1.03672, -1.63831

0.747946, -0.66376
1.0645, -1.61233

0.766575, -0.642155
1.09149, -1.5879

0.781987, -0.623294
1.11774, -1.56524

0.794414, -0.607377
1.1433, -1.54454

0.80405, -0.594562
1.16817, -1.52592

0.811049, -0.584978
1.19234, -1.50943

0.815525, -0.578721
1.21579, -1.49512

0.817547, -0.575862
1.23847, -1.48296

0.817139, -0.576441
1.26029, -1.47289

0.81428, -0.580472
1.28116, -1.46479

0.808908, -0.587935
1.30092, -1.45853

0.800922, -0.598768
1.31937, -1.45388

0.790191, -0.61286
1.33627, -1.45059

0.776568, -0.630034
1.35131, -1.44837

0.75991, -0.650029
1.3641, -1.44687

0.740109, -0.672487
1.37419, -1.44575

0.717126, -0.696944
1.38112, -1.44468

0.69102, -0.722836
1.38438, -1.44343

0.661971, -0.749529
1.38356, -1.44185

0.630271, -0.776375
1.37836, -1.43998

0.59629, -0.802769
1.36861, -1.438

0.560435, -0.828198
1.35435, -1.43622

0.523099, -0.852272
1.33574, -1.43503

0.484635, -0.874716
1.31305, -1.43483

0.445346, -0.895359
1.2866, -1.436

0.405486, -0.914101
1.25672, -1.43888

0.365275, -0.930899
1.22374, -1.44377

0.324912, -0.945744
1.18794, -1.45089

0.284584, -0.958651
1.14958, -1.46043

0.244482, -0.969654
1.10885, -1.47252

0.204807, -0.978802
1.06591, -1.48724

0.165774, -0.986164
1.02087, -1.50464

0.12762, -0.991823
0.9738, -1.52472

0.0905981, -0.995888
0.924724, -1.54746

0.0549827, -0.998487
0.873629, -1.57279

0.0210657, -0.999778
0.820466, -1.60058

-0.0108458, -0.999941
0.765156, -1.63067

-0.040433, -0.999182
0.707594, -1.66285

-0.0673684, -0.997728
0.64765, -1.69683

-0.091319, -0.995822
0.585184, -1.73226

-0.11195, -0.993714
0.520042, -1.76869

-0.128927, -0.991654
0.452073, -1.80556

-0.141923, -0.989878
0.381138, -1.84217

-0.150629, -0.98859
0.307126, -1.87767

-0.154776, -0.98795
0.229983, -1.91097

-0.15418, -0.988043
0.149758, -1.94073

-0.148819, -0.988865
0.0666741, -1.96537

-0.138963, -0.990298
-0.0187778, -1.98305

-0.125327, -0.992116
-0.105739, -1.99192

-0.109162, -0.994024
-0.192956, -1.99051

-0.0921707, -0.995743
-0.278919, -1.97815

-0.0761663, -0.997095
-0.362163, -1.95533

-0.0626687, -0.998034
-0.441571, -1.92347

-0.0526725, -0.998612
-0.516509, -1.88453

-0.0466552, -0.998911
-0.586764, -1.84051

-0.0447127, -0.999
-0.65241, -1.79317

-0.0467062, -0.998909
-0.713674, -1.74399

-0.0523692, -0.998628
-0.770861, -1.69416

-0.0613732, -0.998115
-0.824297, -1.6446

-0.0733646, -0.997305
-0.874306, -1.59605

-0.0879847, -0.996122
-0.921198, -1.54907

-0.10488, -0.994485
-0.965261, -1.50414

-0.123709, -0.992319
-1.00676, -1.46159

-0.144146, -0.989556
-1.04593, -1.42173

-0.165883, -0.986145
-1.08299, -1.38478

-0.188635, -0.982047
-1.11812, -1.3509

-0.212138, -0.97724
-1.15148, -1.32023

-0.236154, -0.971716
-1.18318, -1.29288

-0.260473, -0.965481
-1.21332, -1.26892

-0.284908, -0.958555
-1.24198, -1.24841

-0.309302, -0.950964
-1.26918, -1.23138

-0.333524, -0.942742
-1.29494, -1.21784

-0.357467, -0.933926
-1.31923, -1.2078

-0.381049, -0.924555
-1.34201, -1.20125

-0.404209, -0.914666
-1.36318, -1.19816

-0.426907, -0.904296
-1.38265, -1.19849

-0.449116, -0.893473
-1.40028, -1.20216

-0.470825, -0.882226
-1.41589, -1.20911

-0.49203, -0.870578
-1.42929, -1.2192

-0.512728, -0.858551
-1.44026, -1.2323

-0.532917, -0.846168
-1.44852, -1.24824

-0.55258, -0.83346
-1.45382, -1.26679

-0.571686, -0.820472
-1.45584, -1.28768

-0.590172, -0.807277
-1.45428, -1.31059

-0.607938, -0.793984
-1.44885, -1.33516

-0.62484, -0.780753
-1.43928, -1.36099

-0.640684, -0.767805
-1.4254, -1.38766

-0.655235, -0.755425
-1.40709, -1.41475

-0.668229, -0.743955
-1.38439, -1.44189

-0.679393, -0.733775
-1.35742, -1.46881

-0.688467, -0.725268
-1.32646, -1.49531

-0.695223, -0.718794
-1.29184, -1.52132

-0.699474, -0.714658
-1.25394, -1.54686

-0.701067, -0.713095
-1.21318, -1.57201

-0.69988, -0.71426
-1.16992, -1.59691

-0.695803, -0.718233
-1.12451, -1.62168

-0.688728, -0.72502
-1.07723, -1.64647

-0.678545, -0.734559
-1.02836, -1.67138

-0.66513, -0.746728
-0.978098, -1.69649

-0.648346, -0.761346
-0.926621, -1.72185

-0.628044, -0.778178
-0.874077, -1.74744

-0.604068, -0.796933
-0.820582, -1.77321

-0.57626, -0.817267
-0.766233, -1.79906

-0.54447, -0.83878
-0.711105, -1.8248

-0.508572, -0.86102
-0.655258, -1.8502

-0.468475, -0.883477
-0.598732, -1.87496

-0.424153, -0.90559
-0.541555, -1.89867

-0.375668, -0.926754
-0.483737, -1.9209

-0.323203, -0.94633
-0.425273, -1.94111

-0.267101, -0.963668
-0.366143, -1.95875

-0.207888, -0.978153
-0.306312, -1.9733

-0.146282, -0.989243
-0.245741, -1.98428

-0.0831663, -0.996536
-0.18439, -1.9914

-0.0195337, -0.999809
-0.122235, -1.99452

0.0436044, -0.999049
-0.0592728, -1.99374

0.105304, -0.99444
0.00446792, -1.98934

0.164752, -0.986335
0.0689297, -1.98173

0.221301, -0.975206
0.134031, -1.97139

0.274469, -0.961596
0.199671, -1.95879

0.323922, -0.946084
0.26574, -1.94439

0.369449, -0.929251
0.33212, -1.92855

0.410932, -0.911666
0.398688, -1.91159

0.448328, -0.893869
0.465315, -1.89372

0.481648, -0.876365
0.53186, -1.8751

0.51094, -0.859617
0.598174, -1.8558

0.53628, -0.84404
0.664084, -1.83584

0.557765, -0.829999
0.729395, -1.81516

0.575503, -0.8178
0.793878, -1.79366

0.589611, -0.807687
0.857264, -1.7712

0.600219, -0.799835
0.919236, -1.74758

0.607473, -0.794341
0.979422, -1.72259

0.611539, -0.791214
1.03739, -1.69601

0.612624, -0.790375
1.09267, -1.66762

0.610979, -0.791647
1.14473, -1.63729

0.606913, -0.794769
1.19305, -1.60498

0.600785, -0.79941
1.23718, -1.57077

0.592991, -0.805209
1.27673, -1.53494

0.583925, -0.811807
1.31146, -1.49788

0.573955, -0.818887
1.3413, -1.46012

0.563386, -0.826194
1.36632, -1.42226

0.552446, -0.833549
1.38674, -1.38487

0.541291, -0.840835
1.40282, -1.34854

0.530004, -0.847995
1.41491, -1.31377

0.518617, -0.855006
1.42335, -1.28099

0.507121, -0.861875
1.42848, -1.25058

0.495478, -0.86862
1.43065, -1.22282

0.483637, -0.875269
1.43014, -1.19797

0.471537, -0.881846
1.42723, -1.17622

0.459116, -0.888376
1.42216, -1.15772

0.446316, -0.894875
1.41515, -1.1426

0.433086, -0.901353
1.40637, -1.13094

0.419385, -0.907809
1.39599, -1.12283

0.405184, -0.914235
1.38414, -1.11831

0.390471, -0.920615
1.37091, -1.11742

0.375248, -0.926925
1.35639, -1.12019

0.359536, -0.933131
1.34064, -1.12664

0.343378, -0.939197
1.32367, -1.13677

0.326836, -0.945081
1.30549, -1.15057

0.309994, -0.950738
1.2861, -1.16804

0.292962, -0.956124
1.26543, -1.18915

0.275874, -0.961194
1.24343, -1.21385

0.258886, -0.965908
1.21999, -1.2421

0.242184, -0.97023
1.19499, -1.27382

0.225975, -0.974133
1.16827, -1.30891

0.210492, -0.977596
1.13966, -1.34724

0.195991, -0.980606
1.10895, -1.38866

0.182752, -0.983159
1.07589, -1.43294

0.17107, -0.985259
1.04021, -1.47982

0.161262, -0.986912
1.00161, -1.52895

0.153652, -0.988125
0.95976, -1.57989

0.148572, -0.988902
0.914283, -1.63209

0.146339, -0.989234
0.864792, -1.68481

0.147241, -0.989101
0.810879, -1.73715

0.151483, -0.98846
0.75215, -1.78796

0.159128, -0.987258
0.688272, -1.83579

0.16998, -0.985447
0.619061, -1.87894

0.183469, -0.983025
0.544619, -1.91553

0.198555, -0.98009
0.465463, -1.94381

0.213782, -0.976881
0.382583, -1.96253

0.227526, -0.973772
0.297326, -1.97133

0.238335, -0.971183
0.211121, -1.97081

0.245177, -0.969478
0.125215, -1.96226

0.247469, -0.968896
0.040534, -1.94725

0.244991, -0.969525
-0.04231, -1.92737

0.237753, -0.971326
-0.122955, -1.904

0.225901, -0.97415
-0.201213, -1.87835

0.209648, -0.977777
-0.277008, -1.85137

0.189247, -0.98193
-0.350334, -1.82386

0.164967, -0.986299
-0.421229, -1.79647

0.137092, -0.990558
-0.48975, -1.7697

0.105912, -0.994376
-0.555966, -1.74399

0.071721, -0.997425
-0.61994, -1.71965

0.0348187, -0.999394
-0.681724, -1.69694

-0.00449713, -0.99999
-0.741351, -1.67604

-0.045931, -0.998945
-0.798823, -1.65709

-0.0891928, -0.996014
-0.85411, -1.64014

-0.133999, -0.990982
-0.90714, -1.62522

-0.180071, -0.983654
-0.957795, -1.61226

-0.227136, -0.973863
-1.00591, -1.60117

-0.274915, -0.961468
-1.05127, -1.59177

-0.323117, -0.946359
-1.09359, -1.58383

-0.371422, -0.928464
-1.13257, -1.57704

-0.419464, -0.907772
-1.16786, -1.57102

-0.466812, -0.884357
-1.19911, -1.56534

-0.512961, -0.858412
-1.22602, -1.55952

-0.557341, -0.830284
-1.24835, -1.55313

-0.599348, -0.800488
-1.26605, -1.54581

-0.638413, -0.769694
-1.27925, -1.53737

-0.674072, -0.738666
-1.28825, -1.52783

-0.706027, -0.708185
-1.29351, -1.51742

-0.734165, -0.678971
-1.29557, -1.50651

-0.75853, -0.651638
-1.29495, -1.49559

-0.779286, -0.626669
-1.29214, -1.48514

-0.796658, -0.60443
-1.28755, -1.47565

-0.810898, -0.585188
-1.28152, -1.46752

-0.822249, -0.569128
-1.27431, -1.46111

-0.830929, -0.556378
-1.26613, -1.45671

-0.83712, -0.54702
-1.25714, -1.45454

-0.840957, -0.541102
-1.24744, -1.45476

-0.842532, -0.538646
-1.23711, -1.45751

-0.841888, -0.539652
-1.22622, -1.46285

-0.839021, -0.544099
-1.21478, -1.47081

-0.833878, -0.551948
-1.20282, -1.4814

-0.826361, -0.56314
-1.19032, -1.49455

-0.816325, -0.577593
-1.17726, -1.51018

-0.80358, -0.595197
-1.16358, -1.52815

-0.787895, -0.61581
-1.14922, -1.54825

-0.768999, -0.63925
-1.13407, -1.57023

-0.746592, -0.665282
-1.11798, -1.59376

-0.720356, -0.693605
-1.10077, -1.61842

-0.689975, -0.723833
-1.08221, -1.6437

-0.655173, -0.755479
-1.06198, -1.66899

-0.61576, -0.787933
-1.0397, -1.69362

-0.571704, -0.82046
-1.01493, -1.71687

-0.52319, -0.852216
-0.987201, -1.73805

-0.470678, -0.882305
-0.956048, -1.75661

-0.414888, -0.909872
-0.921105, -1.77228

-0.35673, -0.934207
-0.88216, -1.78504

-0.297185, -0.95482
-0.839186, -1.7952

-0.237188, -0.971464
-0.792318, -1.80323

-0.177555, -0.984111
-0.741808, -1.80971

-0.11896, -0.992899
-0.687964, -1.81523

-0.0619469, -0.998079
-0.631103, -1.82031

-0.00695641, -0.999976
-0.571519, -1.82537

0.0456468, -0.998958
-0.509466, -1.83073

0.0955515, -0.995424
-0.445157, -1.83663

0.142484, -0.989797
-0.378759, -1.84321

0.186201, -0.982512
-0.310404, -1.85049

0.226479, -0.974016
-0.240194, -1.85845

0.263119, -0.964763
-0.168211, -1.86696

0.295937, -0.955207
-0.0945275, -1.87583

0.324769, -0.945793
-0.0192171, -1.88477

0.349468, -0.936948
0.0576316, -1.89342

0.369903, -0.92907
0.135901, -1.90131

0.38596, -0.922515
0.215426, -1.90787

0.397553, -0.917579
0.295968, -1.91241

0.404637, -0.914478
0.377188, -1.9141

0.40724, -0.913321
0.458605, -1.912

0.405521, -0.914086
0.539553, -1.90506

0.399835, -0.916587
0.619156, -1.89224

0.390807, -0.920473
0.69634, -1.87265

0.379352, -0.925252
0.769931, -1.84582

0.366593, -0.930381
0.838832, -1.81185

0.35368, -0.935367
0.90222, -1.77149

0.341593, -0.939848
0.95967, -1.72597

0.331022, -0.943623
1.01114, -1.67672

0.322352, -0.94662
1.05688, -1.6252

0.31572, -0.948852
1.09731, -1.57265

0.31109, -0.95038
1.13289, -1.52015

0.30832, -0.951283
1.16414, -1.46855

0.307208, -0.951642
1.19153, -1.41852

0.307523, -0.951541
1.21548, -1.37059

0.309026, -0.951053
1.2364, -1.32518

0.311484, -0.950252
1.25464, -1.2826

0.31467, -0.949201
1.27051, -1.2431

0.318375, -0.947965
1.28428, -1.20687

0.322408, -0.946601
1.29619, -1.17407

0.326595, -0.945165
1.30647, -1.14479

0.330781, -0.943707
1.31527, -1.11914

0.334835, -0.942277
1.32277, -1.09717

0.338641, -0.940916
1.32907, -1.07894

0.342107, -0.939661
1.33429, -1.06447

0.34516, -0.938544
1.3385, -1.0538

0.347745, -0.937589
1.34175, -1.04694

0.349829, -0.936814
1.34408, -1.04389

0.351394, -0.936228
1.3455, -1.04467

0.352446, -0.935832
1.34599, -1.04926

0.353006, -0.935621
1.34553, -1.05766

0.353115, -0.93558
1.34406, -1.06986

0.352833, -0.935686
1.3415, -1.08584

0.352239, -0.93591
1.33775, -1.10555

0.351429, -0.936214
1.33268, -1.12895

0.350519, -0.936556
1.32615, -1.15598

0.349643, -0.936883
1.31797, -1.18657

0.348953, -0.93714
1.30794, -1.22059

0.348615, -0.937266
1.29582, -1.25791

0.348815, -0.937192
1.28132, -1.29834

0.349747, -0.936844
1.26415, -1.34166

0.351614, -0.936145
1.24394, -1.38754

0.354618, -0.935011
1.2203, -1.4356

0.358948, -0.933357
1.1928, -1.48534

0.364762, -0.931101
1.16097, -1.53612

0.372152, -0.928172
1.12432, -1.58714

0.381107, -0.924531
1.08238, -1.63743

0.391453, -0.920198
1.03474, -1.68582

0.402797, -0.915289
0.981182, -1.73105

0.414495, -0.910051
0.921723, -1.77186

0.425676, -0.904875
0.856742, -1.8072

0.435353, -0.90026
0.786963, -1.83641

0.442575, -0.896731
0.713357, -1.85937

0.446566, -0.894751
0.636981, -1.87645

0.446778, -0.894645
0.558821, -1.88835

0.442879, -0.896581
0.479715, -1.8959

0.434698, -0.900576
0.400323, -1.89999

0.422171, -0.906516
0.321147, -1.9014

0.405298, -0.914185
0.242559, -1.90085

0.384118, -0.923284
0.164836, -1.89895

0.358695, -0.933455
0.0881816, -1.89617

0.329112, -0.944291
0.0127552, -1.89293

0.29547, -0.955352
-0.0613165, -1.88954

0.25789, -0.966174
-0.133922, -1.88622

0.216516, -0.976279
-0.204955, -1.88312

0.171517, -0.985181
-0.274299, -1.88031

0.12309, -0.992395
-0.341822, -1.87775

0.0714692, -0.997443
-0.407367, -1.87535

0.0169327, -0.999857
-0.470743, -1.87288

-0.0401801, -0.999192
-0.531723, -1.87005

-0.0994475, -0.995043
-0.590051, -1.86643

-0.160338, -0.987062
-0.645449, -1.86151

-0.222183, -0.975005
-0.697644, -1.85474

-0.284158, -0.958778
-0.746405, -1.84553

-0.345301, -0.938492
-0.791594, -1.83338

-0.404576, -0.914504
-0.833212, -1.81798

-0.46098, -0.88741
-0.871412, -1.7993

-0.513673, -0.857986
-0.906486, -1.7776

-0.562061, -0.827095
-0.938816, -1.75341

-0.605829, -0.795595
-0.968807, -1.72739

-0.644902, -0.764265
-0.996844, -1.70029

-0.679387, -0.73378
-1.02326, -1.6728

-0.709505, -0.704701
-1.04833, -1.64555

-0.735536, -0.677485
-1.07226, -1.61909

-0.757786, -0.652503
-1.09523, -1.59385

-0.776551, -0.630054
-1.11736, -1.57019

-0.792112, -0.610376
-1.13874, -1.54838

-0.804714, -0.593662
-1.15944, -1.52863

-0.81457, -0.580065
-1.17949, -1.5111

-0.821849, -0.569706
-1.19891, -1.49589

-0.826677, -0.562676
-1.2177, -1.48306

-0.829138, -0.559044
-1.23584, -1.47261

-0.829267, -0.558853
-1.25328, -1.46451

-0.827054, -0.562123
-1.26995, -1.45869

-0.822443, -0.568848
-1.28576, -1.45504

-0.815334, -0.578991
-1.30055, -1.45338

-0.805588, -0.592477
-1.31416, -1.4535

-0.793032, -0.60918
-1.32632, -1.45511

-0.777478, -0.62891
-1.33675, -1.45789

-0.758741, -0.651393
-1.34507, -1.46147

-0.736669, -0.676254
-1.35083, -1.46543

-0.711186, -0.703004
-1.35354, -1.46941

-0.682327, -0.731047
-1.3527, -1.47307

-0.650266, -0.759706
-1.34784, -1.47622

-0.615313, -0.788283
-1.33863, -1.4788

-0.577883, -0.81612
-1.32486, -1.48097

-0.538442, -0.842663
-1.30654, -1.48299

-0.497453, -0.867491
-1.28381, -1.48526

-0.455341, -0.890317
-1.25694, -1.48818

-0.412471, -0.910971
-1.22624, -1.49216

-0.369159, -0.929366
-1.19205, -1.49757

-0.325675, -0.945482
-1.15469, -1.50471

-0.282266, -0.959336
-1.11446, -1.51382

-0.239163, -0.970979
-1.0716, -1.5251

-0.196597, -0.980484
-1.0263, -1.53869

-0.154807, -0.987945
-0.978726, -1.55465

-0.114042, -0.993476
-0.928971, -1.57304

-0.0745677, -0.997216
-0.877095, -1.59383

-0.0366637, -0.999328
-0.823115, -1.61698

-0.000623758, -1
-0.76701, -1.64238

0.0332466, -0.999447
-0.708731, -1.66987

0.0646338, -0.997909
-0.648198, -1.69924

0.0932189, -0.995646
-0.585312, -1.73022

0.118681, -0.992932
-0.519962, -1.76244

0.140701, -0.990052
-0.45203, -1.79545

0.158963, -0.987284
-0.381403, -1.82871

0.173163, -0.984893
-0.307985, -1.86153

0.183016, -0.98311
-0.231718, -1.89305

0.188279, -0.982116
-0.15261, -1.92222

0.188794, -0.982017
-0.0707807, -1.94774

0.184564, -0.98282
0.0134689, -1.96807

0.175869, -0.984414
0.0995693, -1.9815

0.163407, -0.986559
0.186601, -1.98629

0.148381, -0.98893
0.27329, -1.9811

0.132408, -0.991195
0.358156, -1.96538

0.117214, -0.993107
0.439806, -1.93964

0.104258, -0.99455
0.517215, -1.9053

0.0945098, -0.995524
0.589832, -1.86423

0.0884503, -0.996081
0.657514, -1.81837

0.0861915, -0.996279
0.720391, -1.76945

0.0876121, -0.996155
0.778738, -1.71889

0.0924616, -0.995716
0.832895, -1.66785

0.100425, -0.994945
0.883217, -1.61723

0.111159, -0.993803
0.930053, -1.56775

0.124316, -0.992243
0.973732, -1.51997

0.139552, -0.990215
1.01456, -1.47433

0.156537, -0.987672
1.05281, -1.43118

0.174957, -0.984576
1.08874, -1.39079

0.194516, -0.980899
1.12255, -1.35339

0.214942, -0.976627
1.15446, -1.31913

0.235984, -0.971757
1.18461, -1.28816

0.257418, -0.9663
1.21314, -1.26056

0.279047, -0.960278
1.24016, -1.23642

0.300697, -0.95372
1.26575, -1.21578

0.322223, -0.946664
1.28994, -1.19869

0.343506, -0.939151
1.31277, -1.18516

0.364448, -0.931224
1.33423, -1.1752

0.384979, -0.922925
1.35428, -1.1688

0.405048, -0.914296
1.37286, -1.16596

0.424623, -0.90537
1.38989, -1.16662

0.443691, -0.89618
1.40525, -1.17076

0.462252, -0.886749
1.41881, -1.1783

0.480317, -0.877095
1.43038, -1.18915

0.497906, -0.867231
1.43977, -1.20321

0.515039, -0.857167
1.44676, -1.22033

0.531735, -0.846911
1.4511, -1.24033

0.548003, -0.836476
1.45249, -1.26298

0.563836, -0.825887
1.45064, -1.28803

0.579198, -0.815187
1.44525, -1.31514

0.594016, -0.804453
1.43601, -1.34395

0.608172, -0.793805
1.42264, -1.37402

0.621495, -0.783418
1.40491, -1.40491

0.633762, -0.773528
1.38271, -1.43616

0.644705, -0.764432
1.35599, -1.46733

0.654031, -0.756468
1.32487, -1.49807

0.661444, -0.749994
1.28957, -1.5281

0.666667, -0.745355
1.25042, -1.55729

0.669456, -0.742851
1.2078, -1.58558

0.669604, -0.742718
1.16212, -1.61302

0.666938, -0.745113
1.11381, -1.63971

0.661309, -0.750113
1.06322, -1.66579

0.652581, -0.757719
1.0107, -1.69139

0.640622, -0.767857
0.956545, -1.71664

0.625298, -0.780386
0.900991, -1.74163

0.606474, -0.795104
0.844255, -1.76642

0.584008, -0.811748
0.786512, -1.79103

0.557764, -0.829999
0.727913, -1.81542

0.527612, -0.849486
0.668583, -1.8395

0.493439, -0.86978
0.608629, -1.86312

0.455167, -0.890406
0.548142, -1.88607

0.412762, -0.910839
0.487199, -1.90806

0.366264, -0.930511
0.425864, -1.92873

0.315808, -0.948823
0.36419, -1.94765

0.261653, -0.965162
0.302217, -1.96434

0.204216, -0.978926
0.239972, -1.97829

0.144086, -0.989565
0.177471, -1.98901

0.0820259, -0.99663
0.114716, -1.9961

0.0189415, -0.999821
0.0517051, -1.99928

-0.0441838, -0.999023
-0.0115648, -1.99849

-0.106371, -0.994327
-0.0750879, -1.99384

-0.166724, -0.986004
-0.138844, -1.98561

-0.224492, -0.974476
-0.202796, -1.97424

-0.279089, -0.960265
-0.266891, -1.96019

-0.330095, -0.943948
-0.331059, -1.94395

-0.377237, -0.926117
-0.39522, -1.92596

-0.420358, -0.907358
-0.459286, -1.9066

-0.459395, -0.888232
-0.523158, -1.8862

-0.49435, -0.869263
-0.586727, -1.86499

-0.525277, -0.850931
-0.649872, -1.84314

-0.552263, -0.83367
-0.712457, -1.82076

-0.575413, -0.817863
-0.774325, -1.79788

-0.59485, -0.803837
-0.835293, -1.7745

-0.610701, -0.791861
-0.895147, -1.75055

-0.623098, -0.782144
-0.953636, -1.72594

-0.632178, -0.774824
-1.01047, -1.70051

-0.638085, -0.769966
-1.06529, -1.67412

-0.64098, -0.767557
-1.11773, -1.64659

-0.641052, -0.767498
-1.16735, -1.6178

-0.638522, -0.769603
-1.21369, -1.58764

-0.633658, -0.773613
-1.25631, -1.55611

-0.626764, -0.779209
-1.29482, -1.52332

-0.618175, -0.786041
-1.32889, -1.48952

-0.608224, -0.793765
-1.35834, -1.45507

-0.597227, -0.802072
-1.38313, -1.42042

-0.585448, -0.81071
-1.40334, -1.38608

-0.573094, -0.81949
-1.41916, -1.35256

-0.56031, -0.828283
-1.43086, -1.32036

-0.547183, -0.837013
-1.43874, -1.28992

-0.533754, -0.84564
-1.44313, -1.26161

-0.520029, -0.854149
-1.44435, -1.23578

-0.505991, -0.862539
-1.44269, -1.21267

-0.491606, -0.870818
-1.43845, -1.19251

-0.476835, -0.878993
-1.43187, -1.17548

-0.461637, -0.887069
-1.42318, -1.16171

-0.445976, -0.895045
-1.41258, -1.15132

-0.429822, -0.902913
-1.40023, -1.14438

-0.413159, -0.910659
-1.38628, -1.14095

-0.395981, -0.918259
-1.37084, -1.1411

-0.378301, -0.925683
-1.35399, -1.14484

-0.360149, -0.932895
-1.3358, -1.15221

-0.341575, -0.939854
-1.31632, -1.1632

-0.322652, -0.946518
-1.29554, -1.17781

-0.303476, -0.952839
-1.27345, -1.19603

-0.284165, -0.958775
-1.25003, -1.21784

-0.264865, -0.964285
-1.22519, -1.24318

-0.245747, -0.969334
-1.19884, -1.27201

-0.227008, -0.973893
-1.17087, -1.30424

-0.208869, -0.977944
-1.14112, -1.33977

-0.191577, -0.981478
-1.10941, -1.37845

-0.175402, -0.984497
-1.07553, -1.42011

-0.160634, -0.987014
-1.03926, -1.46453

-0.147583, -0.98905
-1.00031, -1.51141

-0.136576, -0.99063
-0.958392, -1.56038

-0.127948, -0.991781
-0.91318, -1.61098

-0.122037, -0.992526
-0.864319, -1.66261

-0.119168, -0.992874
-0.811434, -1.71452

-0.119627, -0.992819
-0.754147, -1.76573

-0.123616, -0.99233
-0.692099, -1.81502

-0.131174, -0.991359
-0.625015, -1.86091

-0.142068, -0.989857
-0.552795, -1.90162

-0.155661, -0.987811
-0.475648, -1.93523

-0.170828, -0.985301
-0.394221, -1.96003

-0.186038, -0.982542
-0.309624, -1.97488

-0.199626, -0.979872
-0.223266, -1.97959

-0.210152, -0.977669
-0.136572, -1.97496

-0.216622, -0.976256
-0.0507229, -1.9624

-0.218505, -0.975836
0.0334413, -1.94358

-0.215623, -0.976477
0.115397, -1.9201

-0.208025, -0.978124
0.194858, -1.89338

-0.195881, -0.980628
0.271699, -1.86458

-0.179432, -0.98377
0.345891, -1.83467

-0.15895, -0.987287
0.417472, -1.80444

-0.134725, -0.990883
0.486509, -1.77451

-0.107059, -0.994253
0.553089, -1.74539

-0.0762558, -0.997088
0.617302, -1.71749

-0.0426258, -0.999091
0.679232, -1.69113

-0.00647731, -0.999979
0.738947, -1.66657

0.031884, -0.999492
0.796493, -1.64399

0.0721588, -0.997393
0.85189, -1.62351

0.114057, -0.993474
0.905121, -1.60521

0.157297, -0.987551
0.956128, -1.58911

0.201611, -0.979466
1.00481, -1.57517

0.246737, -0.969082
1.05102, -1.56333

0.292417, -0.956291
1.09456, -1.55342

0.338387, -0.941007
1.13518, -1.54526

0.384364, -0.923181
1.17258, -1.53858

0.430035, -0.902812
1.20644, -1.53305

0.475035, -0.879967
1.23641, -1.52828

0.518937, -0.854813
1.26218, -1.52384

0.561253, -0.827644
1.28348, -1.5193

0.601453, -0.798908
1.3002, -1.51428

0.639013, -0.769196
1.31236, -1.50852

0.673477, -0.739209
1.3202, -1.50193

0.704516, -0.709688
1.3241, -1.49462

0.731963, -0.681344
1.32454, -1.48686

0.755803, -0.654799
1.32205, -1.47903

0.776142, -0.630559
1.31712, -1.47159

0.793163, -0.609009
1.3102, -1.46497

0.807085, -0.590435
1.30164, -1.45958

0.818128, -0.575036
1.29175, -1.45576

0.826494, -0.562946
1.28076, -1.45381

0.83235, -0.554251
1.26883, -1.45396

0.835823, -0.548999
1.25611, -1.45639

0.836996, -0.547209
1.24268, -1.46122

0.835904, -0.548875
1.22862, -1.46854

0.832536, -0.553971
1.21396, -1.47837

0.826832, -0.562449
1.19872, -1.49073

0.818689, -0.574238
1.18289, -1.50556

0.807956, -0.589243
1.16647, -1.52277

0.79444, -0.607342
1.14941, -1.54222

0.777909, -0.628377
1.13163, -1.56373

0.758093, -0.652146
1.11305, -1.58703

0.734694, -0.678398
1.09354, -1.6118

0.707402, -0.706812
1.07292, -1.63761

0.675911, -0.736984
1.05098, -1.66398

0.639958, -0.76841
1.02743, -1.69029

0.599373, -0.80047
1.00191, -1.71587

0.554137, -0.832425
0.974035, -1.74

0.504456, -0.863437
0.943345, -1.76198

0.450803, -0.892623
0.909419, -1.78126

0.393913, -0.919148
0.871906, -1.79751

0.334714, -0.94232
0.830598, -1.81071

0.274208, -0.961671
0.785455, -1.8211

0.213355, -0.976975
0.736594, -1.82916

0.152999, -0.988226
0.684241, -1.83545

0.093834, -0.995588
0.628685, -1.84053

0.0364214, -0.999337
0.570222, -1.84495

-0.0187886, -0.999823
0.509134, -1.84912

-0.0714281, -0.997446
0.445667, -1.85337

-0.121189, -0.992629
0.380026, -1.85795

-0.167806, -0.98582
0.31238, -1.86299

-0.211048, -0.977476
0.242864, -1.86852

-0.250711, -0.968062
0.171589, -1.87452

-0.286614, -0.958046
0.0986479, -1.88085

-0.318597, -0.94789
0.0241305, -1.88733

-0.346521, -0.938042
-0.0518675, -1.89365

-0.370263, -0.928927
-0.12923, -1.89944

-0.38972, -0.920933
-0.207807, -1.90425

-0.40481, -0.914401
-0.28739, -1.90748

-0.415479, -0.909603
-0.367693, -1.90846

-0.421724, -0.906724
-0.448318, -1.90637

-0.423627, -0.905837
-0.528717, -1.9003

-0.421407, -0.906872
-0.608162, -1.88928

-0.415487, -0.909599
-0.68573, -1.87239

-0.406548, -0.913629
-0.760344, -1.84895

-0.395516, -0.918459
-0.830894, -1.81871

-0.38346, -0.923558
-0.896414, -1.78197

-0.37142, -0.928465
-0.956249, -1.73962

-0.360243, -0.932859
-1.01012, -1.69289

-0.3505, -0.936563
-1.05811, -1.64317

-0.342496, -0.939519
-1.10051, -1.59176

-0.336319, -0.941748
-1.13776, -1.53982

-0.331915, -0.943309
-1.17035, -1.48831

-0.329139, -0.944282
-1.19877, -1.43799

-0.327797, -0.944748
-1.22346, -1.38947

-0.327673, -0.944791
-1.24487, -1.34323

-0.328544, -0.944489
-1.26335, -1.29964

-0.330192, -0.943914
-1.27926, -1.25898

-0.332411, -0.943135
-1.29289, -1.22149

-0.335008, -0.942215
-1.3045, -1.18733

-0.337807, -0.941215
-1.31433, -1.15663

-0.340652, -0.940189
-1.32257, -1.1295

