0 , 0
0.387032 , 0
0.721925 , 0
1 , 0
1.52406 , 0
5.20053 , 0
9.55882 , 0
19.1845 , 0
30.0802 , 0

1.48091e-006 , 3.15499e-008
0.19655 , 0.333735
0.662786 , 0.285762
0.968914 , -0.247577
1.51063 , 0.201727
5.19938 , 0.109968
9.55848 , 0.0805919
19.1844 , 0.0570865
30.0802 , 0.0453335

5.86255e-006 , 2.35528e-007
-0.187251 , 0.339676
0.494989 , 0.524662
0.877598 , -0.479763
1.47057 , 0.399897
5.19592 , 0.219886
9.55745 , 0.161178
19.1842 , 0.114173
30.0801 , 0.0906669

1.29966e-005 , 7.15212e-007
-0.387935 , 0.0129626
0.245904 , 0.677369
0.731749 , -0.682135
1.40459 , 0.591016
5.19014 , 0.329707
9.55573 , 0.241753
19.1837 , 0.171258
30.0799 , 0.136

2.27204e-005 , 1.49138e-006
-0.209534 , -0.326425
-0.0436562 , 0.718495
0.540457 , -0.842144
1.31383 , 0.77171
5.18207 , 0.439382
9.55333 , 0.32231
19.1831 , 0.228341
30.0797 , 0.181333

3.49063e-005 , 2.54594e-006
0.173791 , -0.346181
-0.325969 , 0.640892
0.315628 , -0.949893
1.1999 , 0.93879
5.17169 , 0.548861
9.55024 , 0.402845
19.1824 , 0.285423
30.0793 , 0.226665

4.94548e-005 , 3.8741e-006
0.386211 , -0.0259702
-0.554216 , 0.457059
0.0712332 , -0.99875
1.0648 , 1.0893
5.15901 , 0.658096
9.54646 , 0.48335
19.1814 , 0.342502
30.079 , 0.271997

6.62557e-005 , 5.49385e-006
0.218525 , 0.31979
-0.690332 , 0.197279
-0.177571 , -0.985746
0.910904 , 1.22057
5.14404 , 0.767039
9.54199 , 0.563822
19.1803 , 0.399578
30.0785 , 0.317329

8.5172e-005 , 7.40722e-006
-0.164035 , 0.35141
-0.711526 , -0.0953303
-0.415385 , -0.911749
0.740917 , 1.33028
5.12679 , 0.875641
9.53684 , 0.644253
19.179 , 0.45665
30.078 , 0.362659

0.00010608 , 9.56223e-006
-0.386108 , 0.0388311
-0.61424 , -0.37207
-0.627517 , -0.78139
0.557837 , 1.41647
5.10727 , 0.983854
9.53101 , 0.724638
19.1776 , 0.513718
30.0774 , 0.407989

0.000128935 , 1.18678e-005
-0.230786 , -0.311709
-0.414772 , -0.586942
-0.800886 , -0.602769
0.364894 , 1.47761
5.08547 , 1.09163
9.52449 , 0.804971
19.176 , 0.570782
30.0768 , 0.453318

0.000153801 , 1.4261e-005
0.150339 , -0.357066
-0.146436 , -0.704427
-0.924816 , -0.386943
0.165498 , 1.51258
5.06142 , 1.19892
9.51728 , 0.885247
19.1742 , 0.627841
30.076 , 0.498645

0.000180815 , 1.67747e-005
0.383734 , -0.0518208
0.14618 , -0.705373
-0.991685 , -0.147245
-0.0368253 , 1.52076
5.03512 , 1.30568
9.50939 , 0.96546
19.1722 , 0.684894
30.0752 , 0.543972

0.000210107 , 1.95506e-005
0.239602 , 0.304412
0.414749 , -0.589995
-0.997383 , 0.101536
-0.238489 , 1.50198
5.00658 , 1.41186
9.50082 , 1.0456
19.1701 , 0.741942
30.0744 , 0.589298

0.000241749 , 2.27866e-005
-0.140004 , 0.361578
0.615185 , -0.377601
-0.941558 , 0.344056
-0.435915 , 1.45655
4.97582 , 1.51741
9.49156 , 1.12567
19.1678 , 0.798982
30.0734 , 0.634622

0.000275753 , 2.66686e-005
-0.38248 , 0.0645328
0.714758 , -0.10325
-0.827637 , 0.565354
-0.625594 , 1.38526
4.94286 , 1.62229
9.48163 , 1.20566
19.1653 , 0.856016
30.0724 , 0.679944

0.000312125 , 3.13455e-005
-0.250929 , -0.295591
0.69726 , 0.188029
-0.662623 , 0.751764
-0.80415 , 1.28936
4.9077 , 1.72645
9.47101 , 1.28557
19.1627 , 0.913042
30.0714 , 0.725265

0.000350895 , 3.69553e-005
0.126288 , -0.366337
0.565545 , 0.448491
-0.45667 , 0.891751
-0.968399 , 1.17053
4.87036 , 1.82984
9.45971 , 1.36538
19.1599 , 0.97006
30.0702 , 0.770585

0.000392091 , 4.3662e-005
0.379607 , -0.0774217
0.341078 , 0.635337
-0.222471 , 0.976625
-1.11541 , 1.03087
4.83086 , 1.93241
9.44773 , 1.44509
19.1569 , 1.02707
30.069 , 0.815902

0.00043569 , 5.16486e-005
0.259678 , 0.287686
0.0605776 , 0.71764
0.0255155 , 1.00108
-1.24255 , 0.872866
4.78922 , 2.03414
9.43507 , 1.5247
19.1538 , 1.08407
30.0677 , 0.861218

0.000481587 , 6.10571e-005
-0.115268 , 0.370149
-0.229821 , 0.6815
0.271949 , 0.963552
-1.34756 , 0.699314
4.74546 , 2.13495
9.42173 , 1.6042
19.1504 , 1.14106
30.0664 , 0.906532

0.00052963 , 7.19235e-005
-0.377063 , 0.0899751
-0.482055 , 0.532528
0.501555 , 0.866296
-1.42853 , 0.513301
4.69959 , 2.23482
9.40771 , 1.68359
19.147 , 1.19804
30.0649 , 0.951843

0.000579694 , 8.41672e-005
-0.26987 , -0.278115
-0.654133 , 0.29515
0.700074 , 0.715294
-1.48404 , 0.318141
4.65163 , 2.3337
9.39302 , 1.76286
19.1433 , 1.25501
30.0635 , 0.997153

0.000631744 , 9.76464e-005
0.101749 , -0.373925
-0.717272 , 0.00868816
0.855157 , 0.519881
-1.51307 , 0.11731
4.60162 , 2.43155
9.37766 , 1.842
19.1395 , 1.31197
30.0619 , 1.04246

0.00068582 , 0.000112234
0.373852 , -0.102634
-0.660875 , -0.279202
0.957144 , 0.292173
-1.5151 , -0.0856106
4.54956 , 2.52831
9.36162 , 1.92101
19.1355 , 1.36892
30.0603 , 1.08776

0.000741986 , 0.000127856
0.278667 , 0.269712
-0.49439 , -0.520624
0.999677 , 0.0463119
-1.4901 , -0.287002
4.49549 , 2.62396
9.3449 , 1.99988
19.1313 , 1.42585
30.0586 , 1.13307

0.000800279 , 0.00014447
-0.0899361 , 0.377109
-0.245653 , -0.675568
0.980105 , -0.202419
-1.43852 , -0.483272
4.43943 , 2.71844
9.32752 , 2.07861
19.127 , 1.48278
30.0568 , 1.17837

0.000860713 , 0.000162025
-0.369882 , 0.115062
0.0439293 , -0.718602
0.899655 , -0.438555
-1.36127 , -0.670923
4.3814 , 2.81172
9.30946 , 2.15719
19.1225 , 1.53969
30.055 , 1.22366

0.00092332 , 0.000180457
-0.287523 , -0.259352
0.32643 , -0.642972
0.76335 , -0.647427
-1.25974 , -0.846612
4.32143 , 2.90375
9.29074 , 2.23562
19.1178 , 1.59658
30.0531 , 1.26896

0.000988176 , 0.000199738
0.0768375 , -0.379789
0.555387 , -0.461486
0.57969 , -0.816074
-1.13575 , -1.00721
4.25954 , 2.99449
9.27134 , 2.31388
19.1129 , 1.65346
30.0511 , 1.31425

0.00105537 , 0.000219929
0.366496 , -0.127338
0.693351 , -0.2042
0.360113 , -0.93406
-0.991507 , -1.14987
4.19577 , 3.08391
9.25128 , 2.39198
19.1079 , 1.71033
30.0491 , 1.35954

0.00112494 , 0.000241191
0.296485 , 0.250565
0.717854 , 0.0865983
0.118271 , -0.994111
-0.8296 , -1.27206
4.13015 , 3.17196
9.23056 , 2.46991
19.1027 , 1.76718
30.047 , 1.40482

0.00119681 , 0.000263729
-0.0641144 , 0.38242
0.624922 , 0.363246
-0.130829 , -0.992564
-0.652913 , -1.37161
4.06269 , 3.25861
9.20917 , 2.54767
19.0974 , 1.82402
30.0448 , 1.45011

0.0012708 , 0.000287713
-0.360963 , 0.139678
0.429693 , 0.580346
-0.371759 , -0.929573
-0.464597 , -1.44678
3.99344 , 3.34381
9.18712 , 2.62524
19.0918 , 1.88084
30.0425 , 1.49538

0.00134673 , 0.000313241
-0.303806 , -0.239389
0.16406 , 0.702085
-0.589628 , -0.809091
-0.268003 , -1.49624
3.92242 , 3.42754
9.16441 , 2.70262
19.0862 , 1.93765
30.0402 , 1.54066

0.00142441 , 0.00034036
0.0516667 , -0.383909
-0.128371 , 0.708121
-0.770992 , -0.638609
-0.0666276 , -1.51913
3.84967 , 3.50975
9.14104 , 2.77981
19.0803 , 1.99443
30.0378 , 1.58593

0.00150374 , 0.000369117
0.357575 , -0.151427
-0.399305 , 0.597091
-0.904677 , -0.428685
0.135956 , -1.51507
3.77522 , 3.5904
9.11701 , 2.8568
19.0743 , 2.0512
30.0354 , 1.6312

0.00158458 , 0.000399579
0.313052 , 0.230335
-0.60372 , 0.387075
-0.982457 , -0.192289
0.336159 , -1.48416
3.69909 , 3.66947
9.09233 , 2.93359
19.0681 , 2.10795
30.0328 , 1.67646

0.0016668 , 0.000431803
-0.0379277 , 0.386064
-0.70747 , 0.112771
-0.999547 , 0.0559925
0.530439 , -1.42695
3.62134 , 3.74691
9.067 , 3.01017
19.0617 , 2.16469
30.0302 , 1.72172

0.00175027 , 0.000465783
-0.350358 , 0.163716
-0.693158 , -0.18023
-0.954891 , 0.300849
0.715363 , -1.34449
3.54198 , 3.8227
9.04101 , 3.08653
19.0551 , 2.2214
30.0276 , 1.76698

0.00183492 , 0.000501441
-0.318658 , -0.218305
-0.563169 , -0.443157
-0.851228 , 0.527177
0.887671 , -1.23824
3.46106 , 3.8968
9.01437 , 3.16267
19.0484 , 2.27809
30.0248 , 1.81223

0.0019208 , 0.000538684
0.0263313 , -0.386251
-0.339253 , -0.632351
-0.694926 , 0.721007
1.04433 , -1.1101
3.37861 , 3.96918
8.98708 , 3.23858
19.0415 , 2.33477
30.022 , 1.85748

0.00200803 , 0.000577477
0.347106 , -0.17478
-0.0587467 , -0.716619
-0.495595 , 0.870351
1.18258 , -0.96235
3.29467 , 4.0398
8.95915 , 3.31426
19.0345 , 2.39142
30.0192 , 1.90273

0.00209679 , 0.000617879
0.328273 , 0.209124
0.231829 , -0.682347
-0.265514 , 0.965946
1.29999 , -0.797599
3.20928 , 4.10864
8.93057 , 3.3897
19.0273 , 2.44805
30.0162 , 1.94797

0.0021872 , 0.000660018
-0.0115105 , 0.388038
0.484583 , -0.535548
-0.0188807 , 1.00183
1.39451 , -0.618764
3.12247 , 4.17567
8.90135 , 3.4649
19.0199 , 2.50466
30.0132 , 1.9932

0.00227932 , 0.000704019
-0.338131 , 0.187084
0.658104 , -0.300644
0.229057 , 0.975732
1.46447 , -0.429002
3.03428 , 4.24085
8.87149 , 3.53986
19.0123 , 2.56125
30.0101 , 2.03843

0.00237317 , 0.000749969
-0.33203 , -0.196183
0.724098 , -0.0163179
0.462939 , 0.889202
1.50866 , -0.231662
2.94476 , 4.30417
8.84099 , 3.61455
19.0046 , 2.61782
30.007 , 2.08366

0.00246877 , 0.000797934
0.000936054 , -0.386797
0.671843 , 0.270808
0.668248 , 0.747557
1.52629 , -0.0302223
2.85394 , 4.36558
8.80986 , 3.68899
18.9967 , 2.67436
30.0038 , 2.12888

0.00256617 , 0.000847998
0.335136 , -0.197278
0.509857 , 0.513663
0.832219 , 0.559549
1.51707 , 0.171767
2.76186 , 4.42507
8.77809 , 3.76317
18.9887 , 2.73088
30.0005 , 2.1741

0.00266535 , 0.000900283
0.342078 , 0.187044
0.264571 , 0.672284
0.944643 , 0.336832
1.48114 , 0.370747
2.66857 , 4.48261
8.74569 , 3.83707
18.9804 , 2.78737
29.9971 , 2.21931

0.00276618 , 0.000954901
0.0150201 , 0.388343
-0.0238225 , 0.720331
0.998516 , 0.0932387
1.41916 , 0.56321
2.5741 , 4.53817
8.71266 , 3.9107
18.972 , 2.84384
29.9937 , 2.26451

0.00286847 , 0.00101188
-0.324326 , 0.209691
-0.307794 , 0.649528
0.990484 , -0.15609
1.33219 , 0.74576
2.4785 , 4.59174
8.679 , 3.98405
18.9635 , 2.90029
29.9902 , 2.30971

0.00297201 , 0.00107115
-0.343851 , -0.173106
-0.540252 , 0.471253
0.921055 , -0.395649
1.22178 , 0.915176
2.38181 , 4.64328
8.64472 , 4.05711
18.9547 , 2.95671
29.9867 , 2.35491

0.00307663 , 0.00113256
-0.0243991 , -0.385528
-0.682428 , 0.214863
0.794568 , -0.610551
1.08986 , 1.06846
2.28407 , 4.69278
8.60981 , 4.12988
18.9458 , 3.0131
29.983 , 2.4001

0.00318227 , 0.00119593
0.321723 , -0.218809
-0.710507 , -0.077091
0.618915 , -0.787457
0.93875 , 1.20291
2.18533 , 4.74021
8.57429 , 4.20236
18.9368 , 3.06947
29.9793 , 2.44529

0.0032889 , 0.00126118
0.354408 , 0.164205
-0.619761 , -0.356012
0.40504 , -0.915407
0.771113 , 1.31612
2.08563 , 4.78556
8.53815 , 4.27453
18.9275 , 3.1258
29.9756 , 2.49047

0.00339647 , 0.00132825
0.0415469 , 0.386991
-0.425378 , -0.575519
0.166248 , -0.986507
0.589904 , 1.4061
1.98502 , 4.8288
8.50139 , 4.3464
18.9181 , 3.18212
29.9717 , 2.53564

0.00350492 , 0.00139709
-0.309012 , 0.231444
-0.159813 , -0.6993
-0.0826358 , -0.9964
0.398322 , 1.47122
1.88353 , 4.86992
8.46402 , 4.41795
18.9085 , 3.2384
29.9678 , 2.58081

0.00361422 , 0.00146764
-0.354077 , -0.149176
0.132803 , -0.707138
-0.32619 , -0.94453
0.199752 , 1.51033
1.78121 , 4.9089
8.42605 , 4.48919
18.8988 , 3.29465
29.9638 , 2.62597

0.00372438 , 0.00153987
-0.0495648 , -0.382451
0.404138 , -0.598095
-0.549352 , -0.834161
-0.00229041 , 1.52272
1.67812 , 4.94572
8.38746 , 4.5601
18.8889 , 3.35088
29.9598 , 2.67112

0.00383547 , 0.00161382
0.306919 , -0.239274
0.609649 , -0.390437
-0.738346 , -0.672159
-0.204224 , 1.50813
1.57429 , 4.98037
8.34827 , 4.63069
18.8788 , 3.40708
29.9557 , 2.71627

0.00394756 , 0.00168964
0.365196 , 0.140703
0.715781 , -0.118446
-0.881523 , -0.468561
-0.402463 , 1.46683
1.46977 , 5.01283
8.30848 , 4.70094
18.8686 , 3.46324
29.9515 , 2.76142

0.00406063 , 0.00176756
0.0679418 , 0.383976
0.705271 , 0.173238
-0.970067 , -0.235946
-0.593484 , 1.39951
1.36461 , 5.04309
8.26809 , 4.77085
18.8582 , 3.51938
29.9472 , 2.80655

0.00417455 , 0.00184778
-0.292263 , 0.252238
0.579848 , 0.436817
-0.998531 , 0.0113326
-0.773887 , 1.30736
1.25885 , 5.07114
8.22711 , 4.84043
18.8476 , 3.57548
29.9429 , 2.85169

0.00428918 , 0.00193046
-0.362672 , -0.124503
0.359962 , 0.629004
-0.965159 , 0.258028
-0.940455 , 1.19201
1.15254 , 5.09697
8.18553 , 4.90965
18.8368 , 3.63155
29.9385 , 2.89681

0.00440436 , 0.00201566
-0.0744583 , -0.377585
0.0815829 , 0.718019
-0.871992 , 0.488929
-1.09021 , 1.05549
1.04573 , 5.12055
8.14336 , 4.97852
18.8259 , 3.68759
29.9341 , 2.94193

0.00452001 , 0.00210344
0.290783 , -0.258585
-0.209505 , 0.688876
-0.724749 , 0.689788
-1.22049 , 0.900216
0.938457 , 5.1419
8.10061 , 5.04703
18.8148 , 3.7436
29.9295 , 2.98704

0.00463604 , 0.00219384
0.374388 , 0.116648
-0.465133 , 0.546039
-0.532482 , 0.848192
-1.32895 , 0.728956
0.830778 , 5.16099
8.05727 , 5.11518
18.8036 , 3.79958
29.9249 , 3.03214

0.00475236 , 0.0022869
0.0940759 , 0.379324
-0.642747 , 0.312921
-0.307029 , 0.954324
-1.41365 , 0.544753
0.722738 , 5.17782
8.01335 , 5.18296
18.7922 , 3.85552
29.9203 , 3.07724

0.00486884 , 0.00238261
-0.274167 , 0.271992
-0.712632 , 0.0281372
-0.0622946 , 1.00158
-1.47308 , 0.350884
0.614384 , 5.19238
7.96885 , 5.25037
18.7806 , 3.91143
29.9155 , 3.12233

0.00498539 , 0.00248084
-0.369605 , -0.0991842
-0.663055 , -0.260931
0.186595 , 0.986981
-1.50616 , 0.150807
0.505763 , 5.20467
7.92378 , 5.3174
18.7688 , 3.9673
29.9107 , 3.16741

0.00510201 , 0.00258142
-0.0989806 , -0.370932
-0.502307 , -0.506173
0.424229 , 0.911378
-1.5123 , -0.0519134
0.396923 , 5.21468
7.87813 , 5.38405
18.7569 , 4.02314
29.9059 , 3.21249

0.00521882 , 0.0026842
0.273372 , -0.276638
-0.257259 , -0.666918
0.635863 , 0.779408
-1.49138 , -0.25366
0.287912 , 5.22242
7.83192 , 5.4503
18.7448 , 4.07894
29.9009 , 3.25756

0.00533596 , 0.00278909
0.381927 , 0.0921629
0.0312937 , -0.716745
0.808344 , 0.599222
-1.44379 , -0.450835
0.178778 , 5.22786
7.78514 , 5.51617
18.7326 , 4.1347
29.8959 , 3.30262

0.00545356 , 0.00289612
0.119821 , 0.373067
0.315588 , -0.647756
0.930939 , 0.381988
-1.37037 , -0.639923
0.0695677 , 5.23102
7.7378 , 5.58164
18.7202 , 4.19043
29.8908 , 3.34767

0.00557167 , 0.00300531
-0.254815 , 0.290628
0.548855 , -0.471656
0.996013 , 0.141196
-1.27243 , -0.817554
-0.03967 , 5.2319
7.6899 , 5.64671
18.7076 , 4.24612
29.8857 , 3.39272

0.00569028 , 0.00311668
-0.374859 , -0.0733268
0.69294 , -0.217613
0.999513 , -0.108184
-1.15172 , -0.980566
-0.148888 , 5.23049
7.64145 , 5.71136
18.6949 , 4.30178
29.8805 , 3.43775

0.00580938 , 0.00323022
-0.123029 , -0.362523
0.724382 , 0.0726205
0.941227 , -0.350643
-1.0104 , -1.12606
-0.258037 , 5.2268
7.59244 , 5.77561
18.6819 , 4.35739
29.8752 , 3.48278

0.00592898 , 0.00334596
0.254766 , -0.293351
0.638086 , 0.351483
0.824803 , -0.571107
-0.850991 , -1.25145
-0.367072 , 5.22082
7.54289 , 5.83944
18.6689 , 4.41297
29.8698 , 3.52781

0.00604903 , 0.00346398
0.387781 , 0.0673606
0.448116 , 0.573239
0.657506 , -0.755883
-0.676339 , -1.35452
-0.475943 , 5.21256
7.49279 , 5.90285
18.6556 , 4.46851
29.8644 , 3.57282

0.0061694 , 0.00358438
0.145061 , 0.365229
0.185507 , 0.701339
0.449764 , -0.893517
-0.489556 , -1.43345
-0.584603 , 5.20204
7.44215 , 5.96584
18.6422 , 4.52401
29.8589 , 3.61782

0.00628987 , 0.00370724
-0.234287 , 0.308059
-0.106639 , 0.71442
0.214504 , -0.975504
-0.293965 , -1.48684
-0.693005 , 5.18924
7.39098 , 6.02839
18.6286 , 4.57947
29.8534 , 3.66282

0.00641016 , 0.00383253
-0.378401 , -0.0470433
-0.380082 , 0.609973
-0.0336623 , -0.996807
-0.0930424 , -1.51377
-0.801102 , 5.17418
7.33926 , 6.09051
18.6149 , 4.63489
29.8477 , 3.70781

0.00653004 , 0.00396015
-0.146492 , -0.352391
-0.589395 , 0.404994
-0.27935 , -0.95616
0.109645 , -1.51378
-0.908846 , 5.15687
7.28702 , 6.15219
18.601 , 4.69026
29.842 , 3.75279

0.00664939 , 0.00408997
0.235047 , -0.308647
-0.699615 , 0.13335
-0.50736 , -0.85613
0.310504 , -1.48688
-1.01619 , 5.13731
7.23425 , 6.21342
18.5869 , 4.7456
29.8363 , 3.79776

0.00676813 , 0.00422188
0.39192 , 0.0423543
-0.692258 , -0.159805
-0.70361 , -0.702944
0.505981 , -1.43356
-1.12309 , 5.11551
7.18096 , 6.27421
18.5727 , 4.80089
29.8304 , 3.84273

0.0068862 , 0.00435585
0.169678 , 0.355853
-0.568538 , -0.42566
-0.856003 , -0.506093
0.692622 , -1.3548
-1.2295 , 5.09148
7.12715 , 6.33454
18.5583 , 4.85615
29.8245 , 3.88768

0.00700355 , 0.00449185
-0.212687 , 0.324212
-0.349154 , -0.620043
-0.955152 , -0.277743
0.867132 , -1.25198
-1.33536 , 5.06524
7.07283 , 6.39442
18.5437 , 4.91135
29.8186 , 3.93263

0.00712015 , 0.00462984
-0.380233 , -0.0204525
-0.0706883 , -0.710869
-0.994957 , -0.0319819
1.02644 , -1.12696
-1.44065 , 5.0368
7.01799 , 6.45383
18.529 , 4.96652
29.8125 , 3.97756

0.00723603 , 0.00476974
-0.16928 , -0.340585
0.220667 , -0.683412
-0.972964 , 0.216039
1.16773 , -0.981943
-1.5453 , 5.00616
6.96264 , 6.51278
18.5141 , 5.02164
29.8064 , 4.02249

0.0073513 , 0.00491156
0.214289 , -0.322457
0.476877 , -0.542547
-0.890515 , 0.451032
1.28854 , -0.819503
-1.64928 , 4.97335
6.9068 , 6.57125
18.499 , 5.07672
29.8002 , 4.06741

0.0074661 , 0.00505538
0.394307 , 0.0172536
0.655954 , -0.311713
-0.752671 , 0.658502
1.38674 , -0.642511
-1.75253 , 4.93838
6.85045 , 6.62925
18.4838 , 5.13175
29.794 , 4.11232

0.00758051 , 0.00520139
0.193547 , 0.344971
0.728695 , -0.028923
-0.567902 , 0.825634
1.4606 , -0.454093
-1.85502 , 4.90126
6.7936 , 6.68677
18.4684 , 5.18673
29.7877 , 4.15721

0.00769451 , 0.00534976
-0.190121 , 0.339011
0.683283 , 0.259462
-0.347583 , 0.942082
1.50884 , -0.257574
-1.9567 , 4.86202
6.73627 , 6.74381
18.4529 , 5.24167
29.7813 , 4.2021

0.00780804 , 0.00550061
-0.380355 , 0.00632716
0.527124 , 0.506183
-0.105298 , 1.00061
1.5306 , -0.0564177
-2.05753 , 4.82066
6.67844 , 6.80036
18.4372 , 5.29657
29.7748 , 4.24698

0.00792099 , 0.005654
-0.191297 , -0.327159
0.285698 , 0.670674
0.143984 , 0.997547
1.52553 , 0.145832
-2.15746 , 4.77721
6.62014 , 6.85642
18.4213 , 5.35142
29.7683 , 4.29185

0.0080333 , 0.00580991
0.192581 , -0.334719
-0.00144498 , 0.725659
0.384832 , 0.933033
1.49369 , 0.345612
-2.25644 , 4.73169
6.56135 , 6.91198
18.4052 , 5.40622
29.7617 , 4.33671

0.00814492 , 0.00596833
0.394933 , -0.00782434
-0.286996 , 0.661738
0.602308 , 0.811019
1.43566 , 0.539403
-2.35445 , 4.68411
6.50209 , 6.96704
18.389 , 5.46097
29.7551 , 4.38157

0.00825577 , 0.00612926
0.216559 , 0.332644
-0.523616 , 0.48916
0.782902 , 0.639039
1.35246 , 0.723789
-2.45142 , 4.6345
6.44235 , 7.0216
18.3727 , 5.51567
29.7483 , 4.42641

0.00836571 , 0.00629263
-0.166694 , 0.352398
-0.671854 , 0.236343
0.915377 , 0.42775
1.24554 , 0.895517
-2.54733 , 4.58289
6.38215 , 7.07565
18.3561 , 5.57032
29.7416 , 4.47124

0.00847461 , 0.00645828
-0.378766 , 0.0331837
-0.706883 , -0.0547503
0.991483 , 0.190272
1.1168 , 1.05156
-2.64213 , 4.52929
6.32149 , 7.12918
18.3394 , 5.62493
29.7347 , 4.51606

0.00858238 , 0.00662597
-0.212446 , -0.312159
-0.622812 , -0.335653
1.00648 , -0.058631
0.968482 , 1.18915
-2.73579 , 4.47373
6.26037 , 7.1822
18.3226 , 5.67949
29.7278 , 4.56087

0.00868906 , 0.00679547
0.170015 , -0.345369
-0.433712 , -0.559631
0.959436 , -0.303476
0.80321 , 1.30585
-2.82825 , 4.41623
6.19879 , 7.2347
18.3056 , 5.73399
29.7208 , 4.60566

0.00879473 , 0.0069666
0.393787 , -0.0327615
-0.171163 , -0.689601
0.853296 , -0.529034
0.623894 , 1.39959
-2.91948 , 4.35681
6.13677 , 7.28667
18.2884 , 5.78844
29.7137 , 4.65045

0.00889947 , 0.00713931
0.238606 , 0.318927
0.121195 , -0.704292
0.694686 , -0.721291
0.433698 , 1.46871
-3.00944 , 4.29552
6.0743 , 7.33812
18.271 , 5.84285
29.7066 , 4.69523

0.00900332 , 0.00731359
-0.142517 , 0.364313
0.395053 , -0.601615
0.493493 , -0.86832
0.235981 , 1.51196
-3.09809 , 4.23236
6.01139 , 7.38903
18.2535 , 5.8972
29.6993 , 4.74

0.00910623 , 0.00748943
-0.375485 , 0.0599938
0.605439 , -0.398778
0.26224 , -0.961023
0.0342427 , 1.52856
-3.18539 , 4.16737
5.94804 , 7.43941
18.2359 , 5.9515
29.6921 , 4.78475

0.00920819 , 0.00766682
-0.232644 , -0.295664
0.717986 , -0.129267
0.0152934 , -0.993696
-0.167944 , 1.5182
-3.27132 , 4.10059
5.88426 , 7.48925
18.218 , 6.00574
29.6847 , 4.8295

0.00930916 , 0.00784579
0.146688 , -0.354369
0.714383 , 0.16269
-0.232033 , -0.964364
-0.366989 , 1.48105
-3.35582 , 4.03203
5.82006 , 7.53854
18.2 , 6.05994
29.6773 , 4.87423

0.00940913 , 0.0080264
0.390871 , -0.0574526
0.595235 , 0.429268
-0.464434 , -0.874889
-0.559357 , 1.41775
-3.43886 , 3.96172
5.75543 , 7.58729
18.1819 , 6.11408
29.6698 , 4.91896

0.00950801 , 0.00820882
0.259579 , 0.303873
0.379965 , 0.626711
-0.667553 , -0.730848
-0.741622 , 1.3294
-3.52041 , 3.88971
5.69038 , 7.63549
18.1636 , 6.16816
29.6623 , 4.96367

0.00960562 , 0.00839316
-0.1177 , 0.374691
0.103777 , 0.722409
-0.828867 , -0.541166
-0.910536 , 1.21757
-3.60043 , 3.81602
5.62493 , 7.68313
18.1451 , 6.22219
29.6547 , 5.00837

0.00970172 , 0.0085795
-0.370525 , 0.0866334
-0.187924 , 0.700297
-0.938439 , -0.317568
-1.06308 , 1.08423
-3.6789 , 3.74068
5.55906 , 7.73021
18.1265 , 6.27617
29.647 , 5.05306

0.0097961 , 0.00876778
-0.251803 , -0.277747
-0.446888 , 0.563693
-0.989528 , -0.073848
-1.19654 , 0.931746
-3.75576 , 3.66372
5.49279 , 7.77674
18.1077 , 6.33009
29.6392 , 5.09773

0.00988863 , 0.00895791
0.1227 , -0.36168
-0.630023 , 0.334979
-0.978987 , 0.17497
-1.30851 , 0.76283
-3.831 , 3.58518
5.42612 , 7.8227
18.0887 , 6.38395
29.6314 , 5.1424

0.00997926 , 0.00914978
0.386191 , -0.0817841
-0.706703 , 0.0520435
-0.907458 , 0.41355
-1.397 , 0.580487
-3.90457 , 3.5051
5.35905 , 7.86808
18.0696 , 6.43776
29.6235 , 5.18705

0.010068 , 0.00934334
0.27938 , 0.287556
-0.664062 , -0.238029
-0.779331 , 0.627183
-1.46042 , 0.387965
-3.97646 , 3.42351
5.2916 , 7.9129
18.0503 , 6.49151
29.6156 , 5.2317

0.0101548 , 0.00953855
-0.0923652 , 0.383495
-0.509233 , -0.486942
-0.60248 , 0.802679
-1.49762 , 0.188697
-4.04662 , 3.34044
5.22376 , 7.95714
18.0309 , 6.5452
29.6076 , 5.27633

0.0102397 , 0.0097353
-0.363922 , 0.112989
-0.268108 , -0.653387
-0.38779 , 0.929183
-1.50795 , -0.013762
-4.11502 , 3.25593
5.15554 , 8.00081
18.0113 , 6.59883
29.5995 , 5.32094

0.0103228 , 0.00993348
-0.269849 , -0.258487
0.0191559 , -0.709972
-0.148497 , 0.998844
-1.49122 , -0.215799
-4.18165 , 3.17002
5.08694 , 8.04389
17.9915 , 6.65241
29.5913 , 5.36555

0.0104042 , 0.010133
0.0981473 , -0.367262
0.304987 , -0.647661
0.100619 , 1.00731
-1.44772 , -0.41381
-4.24646 , 3.08274
5.01798 , 8.08639
17.9716 , 6.70593
29.5831 , 5.41014

0.010484 , 0.0103338
0.379755 , -0.105644
0.542342 , -0.477046
0.344143 , 0.954009
-1.37823 , -0.604262
-4.30944 , 2.99414
4.94865 , 8.12829
17.9515 , 6.75939
29.5748 , 5.45472

0.0105626 , 0.0105359
0.297909 , 0.270044
0.692378 , -0.22639
0.566974 , 0.842197
-1.284 , -0.783761
-4.37055 , 2.90425
4.87896 , 8.16961
17.9313 , 6.81278
29.5664 , 5.49929

0.0106398 , 0.0107396
-0.0666291 , 0.390682
0.730651 , 0.0631135
0.755271 , 0.678777
-1.16671 , -0.94911
-4.42976 , 2.81311
4.80891 , 8.21033
17.9109 , 6.86612
29.558 , 5.54385

0.0107158 , 0.0109447
-0.355707 , 0.13894
0.650946 , 0.344035
0.897321 , 0.47387
-1.02846 , -1.09737
-4.48706 , 2.72076
4.73852 , 8.25045
17.8903 , 6.9194
29.5495 , 5.58839

0.0107903 , 0.0111514
-0.286699 , -0.237974
0.466251 , 0.570321
0.984273 , 0.240198
-0.871725 , -1.2259
-4.54242 , 2.62724
4.66778 , 8.28998
17.8696 , 6.97261
29.5409 , 5.63292

0.0108634 , 0.0113596
0.0731457 , -0.3711
0.206723 , 0.704705
1.01071 , -0.00771081
-0.69929 , -1.33243
-4.59581 , 2.53259
4.59669 , 8.32889
17.8487 , 7.02577
29.5323 , 5.67744

0.010935 , 0.0115691
0.371603 , -0.128932
-0.0850615 , 0.724813
0.974986 , -0.254433
-0.514234 , -1.41507
-4.64722 , 2.43685
4.52528 , 8.3672
17.8277 , 7.07886
29.5236 , 5.72194

0.011005 , 0.0117801
0.315091 , 0.251416
-0.360949 , 0.626996
0.879335 , -0.48462
-0.31985 , -1.47238
-4.69661 , 2.34007
4.45353 , 8.40491
17.8065 , 7.13189
29.5148 , 5.76643

0.0110731 , 0.0119924
-0.0406029 , 0.396215
-0.575128 , 0.427155
0.729728 , -0.683962
-0.119594 , -1.50333
-4.74398 , 2.24228
4.38146 , 8.44199
17.7851 , 7.18485
29.5059 , 5.81091

0.0111393 , 0.0122059
-0.345912 , 0.164365
-0.691844 , 0.158307
0.53549 , -0.840088
0.0829782 , -1.50741
-4.78929 , 2.14353
4.30907 , 8.47847
17.7636 , 7.23775
29.497 , 5.85537

0.0112034 , 0.0124203
-0.302276 , -0.216301
-0.691535 , -0.134856
0.308714 , -0.943329
0.284277 , -1.48455
-4.83253 , 2.04386
4.23637 , 8.51432
17.742 , 7.29059
29.488 , 5.89982

0.0112653 , 0.0126355
0.0478034 , -0.373175
-0.574245 , -0.403506
0.06349 , -0.98732
0.480738 , -1.43518
-4.87368 , 1.94331
4.16336 , 8.54956
17.7201 , 7.34336
29.479 , 5.94426

0.0113251 , 0.0128512
0.361763 , -0.151548
-0.359605 , -0.602984
-0.184972 , -0.969382
0.668888 , -1.36017
-4.91273 , 1.84194
4.09004 , 8.58416
17.6982 , 7.39607
29.4699 , 5.98868

0.0113828 , 0.0130675
0.330841 , 0.231747
-0.0834273 , -0.700336
-0.421294 , -0.890671
0.845406 , -1.26088
-4.94965 , 1.73977
4.01643 , 8.61815
17.676 , 7.44871
29.4607 , 6.03309

0.0114385 , 0.0132841
-0.0144137 , 0.400064
0.208451 , -0.679734
-0.630875 , -0.756096
1.00718 , -1.13907
-4.98443 , 1.63686
3.94252 , 8.6515
17.6537 , 7.50129
29.4515 , 6.07749

0.0114922 , 0.0135013
-0.334594 , 0.189144
0.467882 , -0.544909
-0.80079 , -0.574002
1.15136 , -0.996895
-5.01706 , 1.53325
3.86832 , 8.68422
17.6313 , 7.5538
29.4421 , 6.12187

0.0115439 , 0.013719
-0.316525 , -0.193575
0.652328 , -0.318304
-0.920575 , -0.355646
1.27541 , -0.83688
-5.04752 , 1.42898
3.79385 , 8.71631
17.6087 , 7.60624
29.4328 , 6.16624

0.0115937 , 0.0139371
0.022224 , -0.373492
0.731691 , -0.0372371
-0.982861 , -0.114501
1.37715 , -0.661849
-5.0758 , 1.32411
3.71909 , 8.74776
17.5859 , 7.65862
29.4233 , 6.21059

0.0116415 , 0.014156
0.350272 , -0.173395
0.693062 , 0.252217
-0.983816 , 0.134567
1.4548 , -0.474893
-5.10189 , 1.21866
3.64406 , 8.77857
17.563 , 7.71092
29.4138 , 6.25493

0.0116875 , 0.0143755
0.345077 , 0.211122
0.542734 , 0.502641
-0.923378 , 0.376209
1.50698 , -0.279311
-5.12577 , 1.1127
3.56877 , 8.80874
17.5399 , 7.76316
29.4042 , 6.29926

0.0117315 , 0.014596
0.0118163 , 0.402202
0.30522 , 0.67288
-0.805259 , 0.595529
1.5328 , -0.0785476
-5.14744 , 1.00627
3.49322 , 8.83826
17.5167 , 7.81533
29.3945 , 6.34357

0.0117735 , 0.0148176
-0.321802 , 0.213165
0.0194103 , 0.734736
-0.63672 , 0.778994
1.53179 , 0.123859
-5.16688 , 0.899411
3.41741 , 8.86714
17.4933 , 7.86743
29.3848 , 6.38787

0.0118133 , 0.0150401
-0.329383 , -0.169895
-0.267637 , 0.677694
-0.428133 , 0.915262
1.50397 , 0.324342
-5.18409 , 0.792169
3.34135 , 8.89537
17.4697 , 7.91946
29.375 , 6.43215

0.0118508 , 0.0152636
-0.00347826 , -0.372044
-0.508363 , 0.510873
-0.192357 , 0.995885
1.44984 , 0.519371
-5.19907 , 0.684593
3.26505 , 8.92295
17.446 , 7.97142
29.3652 , 6.47641

0.011886 , 0.0154879
0.337185 , -0.194369
-0.662656 , 0.261729
0.0560481 , 1.01584
1.37034 , 0.705508
-5.21179 , 0.576728
3.18851 , 8.94988
17.4222 , 8.02331
29.3552 , 6.52067

0.0119188 , 0.0157128
0.357739 , 0.189642
-0.704692 , -0.028383
0.301714 , 0.973837
1.26687 , 0.879472
-5.22227 , 0.468621
3.11173 , 8.97615
17.3982 , 8.07513
29.3452 , 6.5649

0.0119495 , 0.0159383
0.0379719 , 0.402633
-0.62742 , -0.311155
0.52941 , 0.872441
1.14125 , 1.03819
-5.23049 , 0.360319
3.03473 , 9.00176
17.374 , 8.12688
29.3352 , 6.60912

0.0119779 , 0.0161642
-0.307595 , 0.236328
-0.443785 , -0.539525
0.724995 , 0.717903
0.995692 , 1.17886
-5.23645 , 0.251869
2.95751 , 9.02671
17.3497 , 8.17856
29.325 , 6.65333

0.0120041 , 0.0163904
-0.340792 , -0.145362
-0.184475 , -0.675659
0.876301 , 0.51979
0.832751 , 1.29898
-5.24014 , 0.143317
2.88007 , 9.05101
17.3252 , 8.23016
29.3148 , 6.69752

0.0120282 , 0.0166166
-0.0291849 , -0.368834
0.107381 , -0.697245
0.973902 , 0.290399
0.655302 , 1.39644
-5.24158 , 0.0347112
2.80242 , 9.07464
17.3006 , 8.28169
29.3046 , 6.7417

0.0120505 , 0.0168428
0.322557 , -0.214375
0.383528 , -0.601045
1.01171 , 0.0439913
0.466475 , 1.46949
-5.24075 , -0.0739028
2.72456 , 9.0976
17.2758 , 8.33314
29.2942 , 6.78586

0.012071 , 0.0170688
0.36877 , 0.167395
0.59859 , -0.403198
0.987371 , -0.204104
0.269603 , 1.51683
-5.23765 , -0.182478
2.6465 , 9.1199
17.2509 , 8.38453
29.2838 , 6.83

0.01209 , 0.0172947
0.0639405 , 0.401344
0.717415 , -0.136374
0.902402 , -0.438452
0.0681695 , 1.53761
-5.23229 , -0.290966
2.56825 , 9.14152
17.2258 , 8.43584
29.2734 , 6.87413

0.0121073 , 0.0175207
-0.292031 , 0.25852
0.720651 , 0.155639
0.762105 , -0.644479
-0.134259 , 1.53144
-5.22467 , -0.399322
2.48982 , 9.16248
17.2005 , 8.48707
29.2628 , 6.91825

0.0121229 , 0.0177466
-0.350695 , -0.120101
0.607773 , 0.425012
0.575226 , -0.809393
-0.334094 , 1.49842
-5.2148 , -0.507498
2.4112 , 9.18277
17.1752 , 8.53823
29.2522 , 6.96234

0.0121366 , 0.0179725
-0.0547748 , -0.363894
0.397168 , 0.627548
0.353398 , -0.922977
-0.527784 , 1.43911
-5.20267 , -0.615447
2.3324 , 9.20238
17.1496 , 8.58931
29.2416 , 7.00643

0.0121485 , 0.0181984
0.306465 , -0.233341
0.123257 , 0.729819
0.110406 , -0.978218
-0.711886 , 1.35457
-5.18829 , -0.723123
2.25343 , 9.22131
17.1239 , 8.64031
29.2308 , 7.05049

0.0121584 , 0.0184242
0.378129 , 0.14447
-0.168959 , 0.714693
-0.138677 , -0.971736
-0.883121 , 1.24627
-5.17167 , -0.83048
2.1743 , 9.23957
17.0981 , 8.69124
29.22 , 7.09454

0.0121662 , 0.01865
0.089607 , 0.398328
-0.431177 , 0.58434
-0.378431 , -0.903981
-1.03843 , 1.11613
-5.15281 , -0.93747
2.09501 , 9.25715
17.0721 , 8.7421
29.2092 , 7.13857

0.0121717 , 0.0188758
-0.275178 , 0.279628
-0.61979 , 0.360101
-0.594041 , -0.779184
-1.17505 , 0.966465
-5.13173 , -1.04405
2.01557 , 9.27405
17.0459 , 8.79287
29.1982 , 7.18259

0.0121747 , 0.0191013
-0.359047 , -0.0942298
-0.703282 , 0.0791154
-0.772209 , -0.605089
-1.29054 , 0.799923
-5.10843 , -1.15017
1.93597 , 9.29027
17.0196 , 8.84357
29.1872 , 7.22659

0.0121751 , 0.0193265
-0.0801394 , -0.357247
-0.667657 , -0.211861
-0.901964 , -0.392463
-1.38282 , 0.619472
-5.08292 , -1.25578
1.85624 , 9.3058
16.9931 , 8.89419
29.1761 , 7.27057

0.012173 , 0.0195511
0.288971 , -0.251185
-0.51889 , -0.464371
-0.975324 , -0.15443
-1.45024 , 0.428324
-5.05521 , -1.36085
1.77637 , 9.32066
16.9665 , 8.94473
29.165 , 7.31454

0.0121684 , 0.019775
0.385761 , 0.120968
-0.281879 , -0.636492
-0.98778 , 0.0943321
-1.49161 , 0.22989
-5.02532 , -1.46532
1.69637 , 9.33482
16.9398 , 8.99519
29.1538 , 7.35849

0.0121616 , 0.0199983
0.114844 , 0.3936
0.0038794 , -0.699872
-0.938568 , 0.338495
-1.50616 , 0.0277076
-4.99325 , -1.56914
1.61624 , 9.3483
16.9129 , 9.04557
29.1425 , 7.40242

0.0121527 , 0.020221
-0.257126 , 0.299561
0.29103 , -0.644344
-0.830713 , 0.56301
-1.49365 , -0.174613
-4.95902 , -1.67229
1.536 , 9.36109
16.8858 , 9.09587
29.1312 , 7.44634

0.0121416 , 0.0204431
-0.365827 , -0.0678644
0.532283 , -0.479382
-0.670846 , 0.754026
-1.4543 , -0.373462
-4.92265 , -1.7747
1.45564 , 9.37319
16.8586 , 9.14609
29.1198 , 7.49024

0.0121285 , 0.0206645
-0.105175 , -0.348928
0.688133 , -0.232329
-0.468808 , 0.899741
-1.38881 , -0.565291
-4.88415 , -1.87634
1.37518 , 9.38461
16.8312 , 9.19622
29.1083 , 7.53412

0.0121136 , 0.0208854
0.270149 , -0.267823
0.733165 , 0.0562056
-0.237052 , 0.991126
-1.29836 , -0.746678
-4.84353 , -1.97715
1.29462 , 9.39533
16.8037 , 9.24628
29.0967 , 7.57798

0.012097 , 0.0211058
0.391628 , 0.0969975
0.66005 , 0.338952
0.0101126 , 1.02249
-1.18456 , -0.914392
-4.80082 , -2.07711
1.21396 , 9.40536
16.7761 , 9.29626
29.0851 , 7.62183

0.0120788 , 0.0213258
0.13954 , 0.387179
0.480684 , 0.569565
0.257396 , 0.991858
-1.04946 , -1.06545
-4.75602 , -2.17616
1.13321 , 9.41469
16.7483 , 9.34615
29.0734 , 7.66566

0.0120589 , 0.0215456
-0.237943 , 0.318229
0.224333 , 0.710082
0.489471 , 0.901068
-0.895469 , -1.19716
-4.70917 , -2.27426
1.05239 , 9.42333
16.7203 , 9.39596
29.0617 , 7.70947

0.0120372 , 0.0217651
-0.370992 , -0.0411173
-0.0669733 , 0.737132
0.691925 , 0.755714
-0.725336 , -1.3072
-4.66028 , -2.37137
0.971479 , 9.43128
16.6922 , 9.44568
29.0499 , 7.75327

0.0120136 , 0.0219843
-0.129757 , -0.338967
-0.345192 , 0.645923
0.852163 , 0.564791
-0.542098 , -1.39361
-4.60937 , -2.46744
0.890501 , 9.43853
16.664 , 9.49532
29.038 , 7.79704

0.0119882 , 0.0222029
0.250101 , -0.283178
-0.564158 , 0.451258
0.9602 , 0.340145
-0.349019 , -1.45487
-4.55647 , -2.56244
0.809459 , 9.44509
16.6356 , 9.54488
29.0261 , 7.8408

0.0119608 , 0.0224208
0.395722 , 0.0726712
-0.687341 , 0.185282
1.0093 , 0.0957368
-0.149534 , -1.48992
-4.50159 , -2.65632
0.728357 , 9.45095
16.607 , 9.59435
29.014 , 7.88454

0.0119316 , 0.0226379
0.163601 , 0.379099
-0.694117 , -0.1078
0.996394 , -0.153229
0.0528125 , -1.49814
-4.44476 , -2.74905
0.647203 , 9.45611
16.5783 , 9.64374
29.002 , 7.92826

0.0119005 , 0.0228541
-0.217707 , 0.335553
-0.583356 , -0.379174
0.922287 , -0.391264
0.254433 , -1.47941
-4.386 , -2.84057
0.566001 , 9.46058
16.5495 , 9.69304
28.9898 , 7.97197

0.0118675 , 0.023069
-0.374509 , -0.014112
-0.373617 , -0.583717
0.791602 , -0.603564
0.451755 , -1.43407
-4.32534 , -2.93086
0.484758 , 9.46434
16.5205 , 9.74226
28.9776 , 8.01565

0.0118326 , 0.0232826
-0.153764 , -0.327415
-0.099916 , -0.687621
0.612481 , -0.776943
0.641291 , -1.36294
-4.2628 , -3.01987
0.40348 , 9.46741
16.4913 , 9.79139
28.9653 , 8.05932

0.0117961 , 0.0234946
0.228919 , -0.297187
0.192289 , -0.673965
0.396074 , -0.900655
0.819693 , -1.2673
-4.19842 , -3.10756
0.322173 , 9.46978
16.4621 , 9.84043
28.953 , 8.10297

0.011758 , 0.023705
0.398025 , 0.0480842
0.454767 , -0.545339
0.155832 , -0.967056
0.983813 , -1.14884
-4.13221 , -3.1939
0.240843 , 9.47145
16.4326 , 9.88939
28.9406 , 8.1466

0.0117185 , 0.0239138
0.186921 , 0.36938
0.644449 , -0.323177
-0.0933417 , -0.972074
1.13076 , -1.00967
-4.06421 , -3.27884
0.159496 , 9.47242
16.4031 , 9.93826
28.9281 , 8.19021

0.0116775 , 0.0241213
-0.196502 , 0.351438
0.730361 , -0.0440783
-0.336017 , -0.915446
1.25795 , -0.852255
-3.99445 , -3.36236
0.0781377 , 9.47268
16.3733 , 9.98704
28.9155 , 8.2338

0.0116351 , 0.0243273
-0.376362 , 0.0130136
0.698513 , 0.246197
-0.557197 , -0.800719
1.36315 , -0.679374
-3.92295 , -3.44441
-0.00322548 , 9.47225
16.3435 , 10.0357
28.9029 , 8.27738

0.0115913 , 0.0245321
-0.177089 , -0.314343
0.554077 , 0.500095
-0.743238 , -0.635021
1.4445 , -0.494079
-3.84975 , -3.52495
-0.0845877 , 9.47112
16.3134 , 10.0843
28.8902 , 8.32093

0.0115459 , 0.0247356
0.206703 , -0.309806
0.320588 , 0.675903
-0.882682 , -0.428605
1.50058 , -0.29964
-3.77487 , -3.60396
-0.165943 , 9.46929
16.2833 , 10.1328
28.8775 , 8.36447

0.0114989 , 0.024938
0.39853 , 0.0233357
0.0362491 , 0.744513
-0.966955 , -0.194218
1.53041 , -0.0994804
-3.69835 , -3.6814
-0.247285 , 9.46675
16.253 , 10.1813
28.8647 , 8.40798

0.0114503 , 0.0251392
0.209394 , 0.358058
-0.252151 , 0.6943
-0.990879 , 0.0536838
1.53345 , 0.102872
-3.62023 , -3.75723
-0.328608 , 9.46352
16.2225 , 10.2296
28.8518 , 8.45148

0.0113999 , 0.0253395
-0.174428 , 0.365806
-0.496861 , 0.533244
-0.95299 , 0.299824
1.50965 , 0.303853
-3.54053 , -3.83142
-0.409905 , 9.45958
16.1919 , 10.2778
28.8389 , 8.49496

0.0113477 , 0.0255386
-0.376541 , 0.0401389
-0.657133 , 0.287832
-0.855619 , 0.529031
1.45944 , 0.499922
-3.45929 , -3.90394
-0.491172 , 9.45495
16.1612 , 10.326
28.8258 , 8.53841

0.0112935 , 0.0257366
-0.199631 , -0.299801
-0.706165 , -0.00121933
-0.704753 , 0.727167
1.38368 , 0.687622
-3.37655 , -3.97475
-0.572401 , 9.44961
16.1303 , 10.374
28.8128 , 8.58185

0.0112375 , 0.0259331
0.183545 , -0.320968
-0.635743 , -0.285785
-0.509681 , 0.881994
1.2837 , 0.863644
-3.29233 , -4.04383
-0.653587 , 9.44358
16.0993 , 10.422
28.7996 , 8.62527

0.0111798 , 0.0261282
0.39723 , -0.00145289
-0.457684 , -0.518504
-0.282425 , 0.983924
1.16127 , 1.02488
-3.20669 , -4.11114
-0.734724 , 9.43684
16.0681 , 10.4699
28.7864 , 8.66867

0.0111205 , 0.0263217
0.230914 , 0.345195
-0.201763 , -0.660811
-0.0370141 , 1.02662
1.01852 , 1.16848
-3.11964 , -4.17666
-0.815805 , 9.42941
16.0368 , 10.5177
28.7731 , 8.71205

0.0110599 , 0.0265136
-0.151586 , 0.378607
0.0894256 , -0.689367
0.211373 , 1.00738
0.857977 , 1.29189
-3.03124 , -4.24035
-0.896825 , 9.42127
16.0054 , 10.5654
28.7598 , 8.75541

0.0109981 , 0.0267039
-0.375051 , 0.0671548
0.367707 , -0.599786
0.447344 , 0.927364
0.68246 , 1.39294
-2.94152 , -4.30219
-0.977778 , 9.41244
15.9738 , 10.6129
28.7464 , 8.79875

0.0109352 , 0.0268926
-0.22129 , -0.283849
0.587325 , -0.40713
0.656246 , 0.791479
0.495065 , 1.46982
-2.85051 , -4.36215
-1.05866 , 9.40291
15.942 , 10.6604
28.7329 , 8.84206

0.0108714 , 0.0270796
0.159558 , -0.330619
0.712359 , -0.143235
0.825085 , 0.60813
0.299099 , 1.52115
-2.75826 , -4.4202
-1.13946 , 9.39268
15.9102 , 10.7079
28.7193 , 8.88536

0.010807 , 0.0272649
0.394137 , -0.0261635
0.722432 , 0.148576
0.943342 , 0.388684
0.0980269 , 1.54601
-2.6648 , -4.47632
-1.22017 , 9.38176
15.8781 , 10.7552
28.7057 , 8.92864

0.0107419 , 0.0274486
0.251396 , 0.330849
0.615893 , 0.420503
1.00364 , 0.146775
-0.104591 , 1.54395
-2.57019 , -4.53048
-1.30079 , 9.37013
15.846 , 10.8024
28.692 , 8.9719

0.0106762 , 0.0276309
-0.128058 , 0.389779
0.410078 , 0.62793
1.00221 , -0.102553
-0.305163 , 1.51499
-2.47445 , -4.58265
-1.38132 , 9.35782
15.8137 , 10.8495
28.6783 , 9.01513

0.0106097 , 0.0278118
-0.371875 , 0.0939395
0.138603 , 0.73663
0.939134 , -0.343789
-0.500128 , 1.45962
-2.37763 , -4.63282
-1.46174 , 9.3448
15.7812 , 10.8965
28.6645 , 9.05835

0.0105424 , 0.0279912
-0.241946 , -0.26656
-0.153957 , 0.728412
0.81835 , -0.561932
-0.68602 , 1.37882
-2.27977 , -4.68097
-1.54205 , 9.3311
15.7486 , 10.9434
28.6506 , 9.10154

0.0104742 , 0.028169
0.134872 , -0.338718
-0.419272 , 0.604296
0.647382 , -0.743431
-0.85953 , 1.274
-2.18091 , -4.72706
-1.62225 , 9.3167
15.7159 , 10.9903
28.6367 , 9.14472

0.010405 , 0.028345
0.389291 , -0.0506884
-0.613248 , 0.384575
0.436871 , -0.877031
-1.01757 , 1.14702
-2.0811 , -4.77108
-1.70232 , 9.30161
15.6831 , 11.037
28.6227 , 9.18787

0.0103348 , 0.0285192
0.27077 , 0.315082
-0.703489 , 0.105614
0.199904 , -0.954476
-1.15731 , 1.00013
-1.98038 , -4.81301
-1.78227 , 9.28582
15.6501 , 11.0836
28.6086 , 9.231

0.0102635 , 0.0286915
-0.103936 , 0.399272
-0.674888 , -0.186181
-0.0488151 , -0.971007
-1.27626 , 0.83594
-1.87879 , -4.85284
-1.86208 , 9.26935
15.6169 , 11.1302
28.5945 , 9.27411

0.010191 , 0.0288618
-0.367021 , 0.120366
-0.532251 , -0.442225
-0.293881 , -0.925651
-1.37229 , 0.65737
-1.77637 , -4.89053
-1.94175 , 9.25219
15.5836 , 11.1766
28.5802 , 9.3172

0.0101175 , 0.0290298
-0.2615 , -0.248018
-0.299465 , -0.620004
-0.520144 , -0.821263
-1.44369 , 0.467599
-1.67318 , -4.92608
-2.02128 , 9.23433
15.5502 , 11.2229
28.566 , 9.36027

0.0100429 , 0.0291956
0.109598 , -0.345235
-0.0153483 , -0.690226
-0.713644 , -0.664335
-1.48918 , 0.27001
-1.56926 , -4.95947
-2.10066 , 9.2158
15.5167 , 11.2692
28.5516 , 9.40332

0.00996749 , 0.0293589
0.382705 , -0.0749281
0.272989 , -0.641594
-0.862464 , -0.464589
-1.50795 , 0.0681258
-1.46464 , -4.99069
-2.17987 , 9.19657
15.483 , 11.3153
28.5372 , 9.44634

0.00989144 , 0.02952
0.288942 , 0.297952
0.518033 , -0.48246
-0.957452 , -0.234365
-1.49966 , -0.134451
-1.35938 , -5.01971
-2.25893 , 9.17666
15.4491 , 11.3613
28.5228 , 9.48934

0.00981484 , 0.029679
-0.0793343 , 0.407032
0.679635 , -0.239231
-0.992775 , 0.0121328
-1.46446 , -0.334108
-1.25353 , -5.04653
-2.33781 , 9.15607
15.4152 , 11.4073
28.5082 , 9.53232

0.00973772 , 0.029836
-0.360515 , 0.146308
0.731431 , 0.0480902
-0.966268 , 0.259711
-1.40298 , -0.527283
-1.14712 , -5.07113
-2.41652 , 9.1348
15.381 , 11.4531
28.4936 , 9.57528

0.00966013 , 0.0299912
-0.279872 , -0.228317
0.664979 , 0.332418
-0.879565 , 0.493109
-1.31633 , -0.710533
-1.04021 , -5.09351
-2.49505 , 9.11284
15.3468 , 11.4988
28.479 , 9.61822

0.0095821 , 0.0301446
0.0838457 , -0.350149
0.491079 , 0.567146
-0.737999 , 0.697931
-1.20605 , -0.880594
-0.932838 , -5.11364
-2.5734 , 9.09021
15.3124 , 11.5445
28.4642 , 9.66114

0.00950368 , 0.0302963
0.374413 , -0.0987746
0.238089 , 0.713635
-0.550285 , 0.861526
-1.07413 , -1.03444
-0.825056 , -5.13153
-2.65154 , 9.0669
15.2779 , 11.59
28.4494 , 9.70403

0.00942492 , 0.0304464
0.30583 , 0.279542
-0.0525386 , 0.747531
-0.32799 , 0.973767
-0.922916 , -1.16934
-0.716908 , -5.14716
-2.72949 , 9.04291
15.2432 , 11.6354
28.4346 , 9.7469

0.00934575 , 0.0305951
-0.0543606 , 0.413028
-0.332898 , 0.662902
-0.0848331 , 1.02768
-0.755118 , -1.2829
-0.608442 , -5.16053
-2.80724 , 9.01825
15.2085 , 11.6807
28.4196 , 9.78975

0.00926611 , 0.0307423
-0.352378 , 0.171659
-0.556491 , 0.473443
0.16415 , 1.01987
-0.573728 , -1.37311
-0.499707 , -5.17163
-2.88477 , 8.99291
15.1735 , 11.726
28.4046 , 9.83257

0.00918593 , 0.0308879
-0.296971 , -0.207525
-0.686034 , 0.210412
0.403534 , 0.950775
-0.381979 , -1.43838
-0.390748 , -5.18045
-2.96209 , 8.96691
15.1385 , 11.7711
28.3896 , 9.87538

0.00910528 , 0.0310317
0.0577371 , -0.35342
-0.699852 , -0.0824981
0.618459 , 0.824634
-0.183285 , -1.47756
-0.281615 , -5.18698
-3.03918 , 8.94023
15.1033 , 11.8161
28.3745 , 9.91816

0.00902427 , 0.0311736
0.364457 , -0.122104
-0.595642 , -0.356514
0.795559 , 0.649232
0.018823 , -1.48999
-0.172354 , -5.19124
-3.11605 , 8.91289
15.0679 , 11.861
28.3593 , 9.96091

0.0089431 , 0.0313134
0.321368 , 0.25995
-0.390877 , -0.566078
0.923801 , 0.43544
0.220757 , -1.47545
-0.063014 , -5.1932
-3.19268 , 8.88489
15.0325 , 11.9058
28.344 , 10.0036

0.00886189 , 0.0314511
-0.0291179 , 0.417251
-0.119762 , -0.676547
0.995187 , 0.196531
0.418939 , -1.43422
0.0463576 , -5.19288
-3.26908 , 8.85622
14.9969 , 11.9505
28.3287 , 10.0464

0.00878077 , 0.0315866
-0.34264 , 0.19632
0.172655 , -0.669918
1.00526 , -0.0526419
0.609862 , -1.36705
0.155713 , -5.19027
-3.34522 , 8.82688
14.9611 , 11.9951
28.3133 , 10.089

0.00869984 , 0.0317198
-0.312713 , -0.185731
0.43808 , -0.547632
0.953374 , -0.29658
0.790152 , -1.27514
0.265004 , -5.18537
-3.42112 , 8.79689
14.9253 , 12.0395
28.2978 , 10.1317

0.00861926 , 0.0318507
0.0314053 , -0.355031
0.632942 , -0.330103
0.842773 , -0.520116
0.956627 , -1.16014
0.374182 , -5.17818
-3.49676 , 8.76625
14.8893 , 12.0839
28.2823 , 10.1744

0.00853918 , 0.0319792
0.352899 , -0.144808
0.725409 , -0.0531962
0.680345 , -0.709361
1.10635 , -1.02407
0.4832 , -5.1687
-3.57213 , 8.73494
14.8532 , 12.1282
28.2667 , 10.217

0.00845971 , 0.0321056
0.335499 , 0.239261
0.700414 , 0.237667
0.476203 , -0.85258
1.2367 , -0.86937
0.592009 , -5.15694
-3.64724 , 8.70299
14.8169 , 12.1723
28.2511 , 10.2596

0.00838083 , 0.0322299
-0.0036991 , 0.419672
0.562009 , 0.494829
0.24304 , -0.940917
1.34537 , -0.698759
0.700563 , -5.14291
-3.72207 , 8.67038
14.7805 , 12.2164
28.2354 , 10.3021

0.00830245 , 0.0323523
-0.331323 , 0.220174
0.332735 , 0.676038
-0.00466973 , -0.96894
1.43045 , -0.515257
0.808812 , -5.1266
-3.79663 , 8.63713
14.744 , 12.2603
28.2196 , 10.3447

0.00822442 , 0.0324729
-0.327009 , -0.163039
0.0500876 , 0.751299
-0.251578 , -0.934965
1.49046 , -0.322101
0.91671 , -5.10803
-3.87089 , 8.60323
14.7073 , 12.3042
28.2038 , 10.3872

0.00814661 , 0.0325915
0.00498495 , -0.354982
-0.239444 , 0.707881
-0.482418 , -0.841148
1.52433 , -0.122697
1.02421 , -5.08719
-3.94487 , 8.56868
14.6705 , 12.3479
28.1878 , 10.4297

0.00806897 , 0.0327083
0.339807 , -0.166792
-0.487942 , 0.552621
-0.682941 , -0.693336
1.53148 , 0.079443
1.13126 , -5.06411
-4.01855 , 8.5335
14.6336 , 12.3915
28.1719 , 10.4722

0.00799146 , 0.0328231
0.348174 , 0.217563
-0.654043 , 0.31102
-0.840796 , -0.500692
1.51177 , 0.280757
1.23782 , -5.03879
-4.09192 , 8.49767
14.5966 , 12.435
28.1558 , 10.5146

0.00791402 , 0.0329361
0.0217886 , 0.420281
-0.709979 , 0.0231354
-0.946274 , -0.275126
1.46556 , 0.477698
1.34384 , -5.01123
-4.16499 , 8.46121
14.5594 , 12.4784
28.1397 , 10.5571

0.00783661 , 0.0330471
-0.318476 , 0.243112
-0.646386 , -0.26312
-0.992895 , -0.0305595
1.39364 , 0.666795
1.44927 , -4.98146
-4.23775 , 8.42412
14.5221 , 12.5217
28.1236 , 10.5995

0.00775922 , 0.0331561
-0.339793 , -0.139549
-0.47394 , -0.500111
-0.9778 , 0.217928
1.29728 , 0.844713
1.55406 , -4.94948
-4.31018 , 8.38639
14.4846 , 12.5648
28.1073 , 10.6418

0.00768197 , 0.0332629
-0.0214096 , -0.353268
-0.221488 , -0.648565
-0.901923 , 0.455018
1.17817 , 1.00831
1.65818 , -4.91531
-4.38229 , 8.34804
14.4471 , 12.6079
28.091 , 10.6842

0.00760507 , 0.0333677
0.32523 , -0.187952
0.0689367 , -0.684126
-0.76993 , 0.666087
1.0384 , 1.15469
1.76157 , -4.87896
-4.45407 , 8.30906
14.4094 , 12.6508
28.0747 , 10.7265

0.00752876 , 0.0334703
0.359328 , 0.194958
0.349266 , -0.601263
-0.589944 , 0.838099
0.880417 , 1.28127
1.86418 , -4.84044
-4.52552 , 8.26946
14.3715 , 12.6937
28.0582 , 10.7688

0.00745324 , 0.033571
0.047225 , 0.419079
0.573389 , -0.413953
-0.373054 , 0.960407
0.707013 , 1.38579
1.96598 , -4.79978
-4.59662 , 8.22924
14.3336 , 12.7364
28.0417 , 10.8111

0.00737861 , 0.0336699
-0.304162 , 0.26504
0.704637 , -0.153181
-0.132641 , 1.02541
0.521237 , 1.4664
2.06691 , -4.75699
-4.66738 , 8.1884
14.2955 , 12.779
28.0252 , 10.8534

0.00730497 , 0.0337672
-0.351014 , -0.115362
0.721614 , 0.138217
0.116435 , 1.02904
0.326368 , 1.52165
2.16694 , -4.71208
-4.73778 , 8.14695
14.2573 , 12.8215
28.0085 , 10.8956

0.00723239 , 0.0338628
-0.0476603 , -0.349894
0.621548 , 0.412495
0.358749 , 0.971018
0.125848 , 1.55055
2.26602 , -4.66509
-4.80783 , 8.10489
14.219 , 12.8639
27.9919 , 10.9378

0.00716097 , 0.0339569
0.30924 , -0.208185
0.420715 , 0.624648
0.579265 , 0.854884
-0.0767731 , 1.55256
2.36409 , -4.61602
-4.87752 , 8.06222
14.1805 , 12.9061
27.9751 , 10.98

0.00709078 , 0.0340496
0.368918 , 0.171561
0.151908 , 0.73967
0.764273 , 0.687802
-0.277905 , 1.52763
2.46113 , -4.5649
-4.94684 , 8.01894
14.1419 , 12.9483
27.9583 , 11.0221

0.00702177 , 0.0341409
0.0725048 , 0.416084
-0.140753 , 0.738324
0.902254 , 0.480115
-0.473976 , 1.47619
2.55709 , -4.51175
-5.01578 , 7.97506
14.1032 , 12.9903
27.9414 , 11.0643

0.00695386 , 0.034231
-0.288428 , 0.28587
-0.408939 , 0.620476
0.984601 , 0.244714
-0.661501 , 1.39912
2.65192 , -4.4566
-5.08434 , 7.93059
14.0644 , 13.0322
27.9245 , 11.1064

0.00688692 , 0.0343196
-0.360602 , -0.0905651
-0.608091 , 0.405357
1.00617 , -0.00377379
-0.837141 , 1.2978
2.74558 , -4.39946
-5.15253 , 7.88552
14.0254 , 13.074
27.9074 , 11.1484

0.00682091 , 0.0344067
-0.073634 , -0.344855
-0.704957 , 0.12854
0.96562 , -0.249895
-0.997765 , 1.17399
2.83804 , -4.34036
-5.22032 , 7.83985
13.9863 , 13.1157
27.8904 , 11.1905

0.00675586 , 0.0344921
0.291926 , -0.227386
-0.683318 , -0.163946
0.865466 , -0.478347
-1.14051 , 1.0299
2.92924 , -4.27934
-5.28772 , 7.7936
13.9471 , 13.1573
27.8732 , 11.2325

0.00669185 , 0.0345756
0.376917 , 0.147491
-0.546816 , -0.423412
0.711954 , -0.674936
-1.26282 , 0.868077
3.01915 , -4.2164
-5.35472 , 7.74677
13.9078 , 13.1988
27.856 , 11.2745

0.00662897 , 0.0346572
0.0975283 , 0.411323
-0.318313 , -0.60678
0.514645 , -0.827468
-1.3625 , 0.691405
3.10773 , -4.15159
-5.42131 , 7.69935
13.8683 , 13.2401
27.8388 , 11.3165

0.00656726 , 0.0347368
-0.271335 , 0.305522
-0.0359227 , -0.683832
0.285814 , -0.926508
-1.43779 , 0.503028
3.19494 , -4.08493
-5.48749 , 7.65135
13.8287 , 13.2813
27.8214 , 11.3585

0.00650677 , 0.0348144
-0.36851 , -0.0652674
0.253518 , -0.642148
0.03967 , -0.965961
-1.48732 , 0.306301
3.28074 , -4.01644
-5.55326 , 7.60278
13.789 , 13.3224
27.804 , 11.4004

0.00644759 , 0.03489
-0.099204 , -0.338176
0.502299 , -0.488954
-0.208528 , -0.943436
-1.51022 , 0.104733
3.3651 , -3.94617
-5.61861 , 7.55363
13.7492 , 13.3634
27.7866 , 11.4423

0.00638984 , 0.0349637
0.273373 , -0.245467
0.669647 , -0.249704
-0.443426 , -0.860386
-1.50608 , -0.0980813
3.44796 , -3.87413
-5.68354 , 7.50392
13.7092 , 13.4043
27.769 , 11.4841

0.00633366 , 0.0350355
0.383291 , 0.122851
0.728261 , 0.036225
-0.650522 , -0.721997
-1.47496 , -0.298524
3.52931 , -3.80037
-5.74804 , 7.45365
13.6692 , 13.445
27.7515 , 11.526

0.00627907 , 0.0351058
0.12219 , 0.404806
0.668592 , 0.321957
-0.817053 , -0.536856
-1.41744 , -0.493022
3.60909 , -3.7249
-5.8121 , 7.40281
13.629 , 13.4856
27.7338 , 11.5678

0.006226 , 0.0351747
-0.252951 , 0.323901
0.500341 , 0.560647
-0.932773 , -0.316417
-1.33454 , -0.678107
3.68728 , -3.64778
-5.87572 , 7.35142
13.5886 , 13.5261
27.7161 , 11.6096

0.00617436 , 0.0352424
-0.374695 , -0.0395846
0.250941 , 0.713008
-0.990569 , -0.0742897
-1.22775 , -0.850485
3.76384 , -3.56902
-5.93889 , 7.29947
13.5482 , 13.5665
27.6983 , 11.6514

0.00612402 , 0.035309
-0.124251 , -0.329888
-0.0387525 , 0.753716
-0.986895 , 0.174592
-1.09898 , -1.00709
3.83874 , -3.48867
-6.00162 , 7.24698
13.5076 , 13.6068
27.6804 , 11.6931

0.00607496 , 0.0353745
0.253671 , -0.262347
-0.321001 , 0.675704
-0.92198 , 0.414882
-0.950544 , -1.14514
3.91194 , -3.40675
-6.06389 , 7.19394
13.467 , 13.6469
27.6625 , 11.7348

0.00602716 , 0.0354389
0.388021 , 0.0977581
-0.549006 , 0.491548
-0.799814 , 0.63176
-0.785085 , -1.26219
3.98341 , -3.32331
-6.12571 , 7.14036
13.4262 , 13.6869
27.6446 , 11.7765

0.0059806 , 0.0355025
0.146383 , 0.396575
-0.684751 , 0.231599
-0.627913 , 0.811832
-0.605558 , -1.35617
4.05312 , -3.23839
-6.18706 , 7.08624
13.3852 , 13.7268
27.6265 , 11.8181

0.00593525 , 0.035565
-0.233358 , 0.340936
-0.705519 , -0.0609845
-0.416863 , 0.943956
-0.415164 , -1.42543
4.12104 , -3.15201
-6.24794 , 7.03158
13.3442 , 13.7666
27.6084 , 11.8598

0.0058911 , 0.0356266
-0.379128 , -0.013618
-0.607835 , -0.337498
-0.179679 , 1.01993
-0.217291 , -1.46875
4.18713 , -3.06422
-6.30835 , 6.9764
13.303 , 13.8063
27.5903 , 11.9014

0.00584825 , 0.035687
-0.148663 , -0.32001
-0.408077 , -0.551971
0.0689842 , 1.035
-0.0154556 , -1.48538
4.25137 , -2.97506
-6.36828 , 6.9207
13.2618 , 13.8458
27.572 , 11.9429

0.00580688 , 0.0357461
0.232902 , -0.277931
-0.139615 , -0.668948
0.313736 , 0.988171
0.186761 , -1.47504
4.31372 , -2.88456
-6.42772 , 6.86447
13.2204 , 13.8852
27.5537 , 11.9845

0.00576725 , 0.035804
0.391079 , 0.0723397
0.152932 , -0.669351
0.539396 , 0.8823
0.385775 , -1.43794
4.37417 , -2.79277
-6.48669 , 6.80772
13.1788 , 13.9245
27.5354 , 12.026

0.00572955 , 0.0358608
0.169997 , 0.386681
0.42124 , -0.553473
0.731942 , 0.723902
0.578065 , -1.37475
4.43268 , -2.69972
-6.54515 , 6.75046
13.1372 , 13.9637
27.517 , 12.0675

0.00569394 , 0.0359164
-0.212645 , 0.356567
0.621258 , -0.340696
0.87939 , 0.522775
0.760234 , -1.28661
4.48923 , -2.60546
-6.60313 , 6.6927
13.0955 , 14.0027
27.4985 , 12.109

0.00566046 , 0.0359711
-0.38179 , 0.0125278
0.720309 , -0.0661289
0.972548 , 0.291394
0.929067 , -1.17509
4.54378 , -2.51003
-6.6606 , 6.63443
13.0536 , 14.0416
27.4799 , 12.1504

0.00562918 , 0.0360249
-0.172329 , -0.30858
0.702263 , 0.225171
1.0056 , 0.0441338
1.08159 , -1.04217
4.59633 , -2.41347
-6.71757 , 6.57566
13.0116 , 14.0804
27.4613 , 12.1918

0.00560016 , 0.0360778
0.211173 , -0.292144
0.57005 , 0.485463
0.976487 , -0.203632
1.21511 , -0.890212
4.64684 , -2.31582
-6.77402 , 6.51639
12.9695 , 14.1191
27.4426 , 12.2332

0.00557341 , 0.0361299
0.392464 , 0.0467215
0.345205 , 0.671982
0.887018 , -0.436498
1.3273 , -0.721906
4.69528 , -2.21713
-6.82997 , 6.45663
12.9273 , 14.1576
27.4239 , 12.2745

0.00554888 , 0.0361813
0.192937 , 0.375176
0.0644982 , 0.753862
0.742774 , -0.639995
1.41616 , -0.540228
4.74165 , -2.11743
-6.88539 , 6.39639
12.885 , 14.196
27.4051 , 12.3159

0.00552642 , 0.0362322
-0.190886 , 0.370727
-0.225911 , 0.717277
0.552744 , -0.801498
1.48015 , -0.348385
4.78592 , -2.01679
-6.94029 , 6.33566
12.8425 , 14.2343
27.3862 , 12.3572

0.00550582 , 0.0362826
-0.38265 , 0.0387474
-0.477968 , 0.56792
0.328755 , -0.911014
1.51815 , -0.149762
4.82806 , -1.91523
-6.99467 , 6.27446
12.8 , 14.2725
27.3673 , 12.3984

0.00548694 , 0.0363323
-0.195127 , -0.295635
-0.649719 , 0.330287
0.084724 , -0.961796
1.52947 , 0.0521391
4.86807 , -1.8128
-7.04852 , 6.21278
12.7573 , 14.3105
27.3483 , 12.4397

0.0054697 , 0.0363812
0.18859 , -0.304911
-0.712446 , 0.0437537
-0.164215 , -0.950755
1.51394 , 0.25376
4.90591 , -1.70956
-7.10183 , 6.15064
12.7145 , 14.3484
27.3293 , 12.4809

0.00545411 , 0.0364293
0.39218 , 0.0210284
-0.655637 , -0.244007
-0.402656 , -0.878631
1.47181 , 0.451546
4.94158 , -1.60554
-7.1546 , 6.08803
12.6716 , 14.3862
27.3101 , 12.522

0.00544018 , 0.0364766
0.215105 , 0.362124
-0.488818 , -0.485116
-0.615868 , -0.749941
1.40383 , 0.642011
4.97506 , -1.50079
-7.20682 , 6.02496
12.6286 , 14.4238
27.291 , 12.5632

0.00542795 , 0.0365231
-0.168179 , 0.383367
-0.239895 , -0.639611
-0.790706 , -0.572677
1.3112 , 0.821795
5.00633 , -1.39535
-7.2585 , 5.96143
12.5855 , 14.4613
27.2717 , 12.6043

0.00541742 , 0.0365687
-0.381709 , 0.0649312
0.0496829 , -0.682133
-0.916406 , -0.357812
1.19552 , 0.987724
5.03538 , -1.28929
-7.30963 , 5.89746
12.5422 , 14.4987
27.2524 , 12.6454

0.00540866 , 0.0366136
-0.216959 , -0.281231
0.331983 , -0.606007
-0.985238 , -0.118618
1.05885 , 1.13686
5.0622 , -1.18263
-7.3602 , 5.83304
12.4989 , 14.536
27.233 , 12.6865

0.00540181 , 0.0366577
0.165253 , -0.316168
0.560564 , -0.424118
-0.992974 , 0.130151
0.90358 , 1.26657
5.08677 , -1.07543
-7.41022 , 5.76819
12.4554 , 14.5731
27.2136 , 12.7275

0.00539704 , 0.0367013
0.390219 , -0.00461847
0.69803 , -0.166581
-0.939139 , 0.373153
0.732443 , 1.37455
5.10908 , -0.967738
-7.45967 , 5.70289
12.4119 , 14.6101
27.1941 , 12.7685

0.00539444 , 0.0367446
0.236398 , 0.347583
0.72198 , 0.124281
-0.827041 , 0.5954
0.548455 , 1.45888
5.12913 , -0.8596
-7.50855 , 5.63717
12.3682 , 14.647
27.1746 , 12.8095

0.00539404 , 0.0367878
-0.144626 , 0.394432
0.628518 , 0.400795
-0.663571 , 0.783171
0.354862 , 1.51805
5.14691 , -0.751063
-7.55686 , 5.57102
12.3244 , 14.6837
27.1549 , 12.8504

0.00539577 , 0.0368312
-0.378971 , 0.0909695
0.432858 , 0.617592
-0.458791 , 0.924849
0.155084 , 1.55099
5.1624 , -0.642177
-7.6046 , 5.50445
12.2805 , 14.7203
27.1352 , 12.8913

0.00539956 , 0.0368748
-0.237727 , -0.265423
0.16695 , 0.738907
-0.225324 , 1.01164
-0.0473441 , 1.55711
5.1756 , -0.532988
-7.65176 , 5.43747
12.2365 , 14.7568
27.1155 , 12.9322

0.00540536 , 0.0369188
0.14127 , -0.325855
-0.125567 , 0.744472
0.0224161 , 1.03814
-0.248835 , 1.53627
5.1865 , -0.423547
-7.69834 , 5.37007
12.1923 , 14.7932
27.0957 , 12.9731

0.00541317 , 0.036963
0.386599 , -0.0300906
-0.39639 , 0.633003
0.269101 , 1.00263
-0.445812 , 1.48882
5.1951 , -0.313901
-7.74433 , 5.30227
12.1481 , 14.8294
27.0758 , 13.0139

0.00542297 , 0.0370077
0.256727 , 0.331637
-0.600528 , 0.422655
0.499441 , 0.90727
-0.634774 , 1.41559
5.2014 , -0.2041
-7.78973 , 5.23407
12.1038 , 14.8655
27.0559 , 13.0547

0.00543469 , 0.0370528
-0.120329 , 0.403894
-0.703889 , 0.148188
0.69913 , 0.757914
-0.812358 , 1.31787
5.20539 , -0.0941907
-7.83454 , 5.16547
12.0593 , 14.9014
27.0359 , 13.0955

0.00544827 , 0.0370982
-0.374443 , 0.116764
-0.689155 , -0.144777
0.855745 , 0.563796
-0.975396 , 1.19736
5.20707 , 0.0157764
-7.87876 , 5.09649
12.0148 , 14.9372
27.0158 , 13.1362

0.00546371 , 0.0371437
-0.257332 , -0.248261
-0.558794 , -0.407474
0.959528 , 0.336952
-1.12098 , 1.05621
5.20644 , 0.125753
-7.92237 , 5.02712
11.9701 , 14.9729
26.9957 , 13.1769

0.00548108 , 0.0371892
0.116748 , -0.333907
-0.334633 , -0.596282
1.00401 , 0.0914717
-1.2465 , 0.896908
5.2035 , 0.23569
-7.96538 , 4.95737
11.9254 , 15.0085
26.9755 , 13.2176

0.00550055 , 0.0372346
0.381334 , -0.0552575
-0.0540592 , -0.680073
0.986407 , -0.157383
-1.34972 , 0.722294
5.19826 , 0.34554
-8.00779 , 4.88724
11.8805 , 15.0439
26.9553 , 13.2582

0.00552228 , 0.0372799
0.275999 , 0.314372
0.236388 , -0.645312
0.907828 , -0.394138
-1.42878 , 0.535471
5.1907 , 0.455252
-8.04958 , 4.81675
11.8355 , 15.0792
26.935 , 13.2989

0.00554633 , 0.0373252
-0.0953961 , 0.411718
0.488828 , -0.49809
0.773175 , -0.604083
-1.48228 , 0.339767
5.18085 , 0.564779
-8.09076 , 4.74589
11.7904 , 15.1143
26.9146 , 13.3394

0.00557272 , 0.0373706
-0.368147 , 0.142207
0.661893 , -0.262897
0.590841 , -0.774186
-1.50924 , 0.13867
5.1687 , 0.674072
-8.13133 , 4.67468
11.7452 , 15.1493
26.8941 , 13.38

0.00560143 , 0.0374161
-0.27569 , -0.229818
0.727352 , 0.0215385
0.372183 , -0.893919
-1.50918 , -0.0642336
5.15425 , 0.783082
-8.17127 , 4.60311
11.6999 , 15.1842
26.8736 , 13.4205

0.00563246 , 0.0374617
0.0918017 , -0.34029
0.674559 , 0.308577
0.130792 , -0.955899
-1.48211 , -0.265324
5.13752 , 0.891761
-8.2106 , 4.53119
11.6545 , 15.219
26.8531 , 13.461

0.00566579 , 0.0375077
0.374453 , -0.0800023
0.512108 , 0.551159
-0.118353 , -0.956339
-1.4285 , -0.461015
5.11852 , 1.00006
-8.2493 , 4.45893
11.609 , 15.2536
26.8325 , 13.5015

0.00570135 , 0.0375543
0.29413 , 0.295866
0.266495 , 0.709367
-0.359824 , -0.895271
-1.34933 , -0.647817
5.09724 , 1.10793
-8.28736 , 4.38634
11.5634 , 15.288
26.8118 , 13.5419

0.00573898 , 0.0376015
-0.0699356 , 0.417871
-0.0220409 , 0.756927
-0.578696 , -0.776527
-1.246 , -0.822404
5.07371 , 1.21533
-8.3248 , 4.31342
11.5177 , 15.3224
26.791 , 13.5823

0.00577844 , 0.0376495
-0.360103 , 0.167192
-0.305958 , 0.685641
-0.761466 , -0.607489
-1.12037 , -0.981668
5.04792 , 1.32221
-8.36161 , 4.24016
11.4719 , 15.3566
26.7702 , 13.6227

0.00581952 , 0.0376983
-0.292716 , -0.210167
-0.538183 , 0.506965
-0.896876 , -0.398628
-0.97469 , -1.12278
5.0199 , 1.42851
-8.39777 , 4.16659
11.426 , 15.3906
26.7494 , 13.663

0.00586212 , 0.0377479
0.0665406 , -0.344963
-0.679993 , 0.25032
-0.976595 , -0.162846
-0.811554 , -1.24324
4.98965 , 1.5342
-8.4333 , 4.09271
11.3799 , 15.4246
26.7284 , 13.7033

0.00590619 , 0.0377981
0.365983 , -0.104201
-0.707643 , -0.0416982
-0.99572 , 0.0853091
-0.633878 , -1.34091
4.9572 , 1.63923
-8.46818 , 4.01851
11.3338 , 15.4583
26.7074 , 13.7436

0.00595176 , 0.0378491
0.311033 , 0.276221
-0.61649 , -0.320483
-0.953074 , 0.330534
-0.444829 , -1.41408
4.92254 , 1.74354
-8.50242 , 3.94402
11.2876 , 15.492
26.6864 , 13.7838

0.00599886 , 0.0379009
-0.0440687 , 0.422344
-0.4218 , -0.539678
-0.851275 , 0.557706
-0.247773 , -1.46146
4.88571 , 1.8471
-8.53601 , 3.86922
11.2413 , 15.5255
26.6653 , 13.824

0.0060475 , 0.0379534
-0.350362 , 0.191622
-0.156093 , -0.66303
-0.696577 , 0.752803
-0.0462115 , -1.48224
4.84671 , 1.94986
-8.56895 , 3.79413
11.1949 , 15.5589
26.6441 , 13.8642

0.00609776 , 0.0380067
-0.308343 , -0.189384
0.13647 , -0.670396
-0.498496 , 0.903761
0.156278 , -1.47605
4.80557 , 2.05176
-8.60123 , 3.71876
11.1483 , 15.5921
26.6228 , 13.9043

0.00614978 , 0.0380607
0.0410715 , -0.347889
0.40756 , -0.560921
-0.269235 , 1.00122
0.356109 , -1.44303
4.7623 , 2.15278
-8.63286 , 3.64311
11.1017 , 15.6252
26.6015 , 13.9444

0.00620375 , 0.0381156
0.355954 , -0.12773
0.612666 , -0.352943
-0.0229416 , 1.03911
0.549745 , -1.38379
4.71692 , 2.25286
-8.66383 , 3.56718
11.055 , 15.6582
26.5802 , 13.9845

0.00625983 , 0.0381715
0.326626 , 0.255531
0.71829 , -0.0807965
0.225156 , 1.01502
0.733767 , -1.2994
4.66945 , 2.35196
-8.69414 , 3.49098
11.0082 , 15.691
26.5587 , 14.0246

0.00631808 , 0.0382287
-0.0179122 , 0.425126
0.707242 , 0.21085
0.459687 , 0.930395
0.904928 , -1.19135
4.61992 , 2.45003
-8.72378 , 3.41452
10.9613 , 15.7237
26.5373 , 14.0646

0.00637848 , 0.0382872
-0.338963 , 0.215401
0.581329 , 0.474202
0.666094 , 0.790425
1.06021 , -1.06157
4.56835 , 2.54703
-8.75276 , 3.3378
10.9142 , 15.7562
26.5157 , 14.1046

0.00644092 , 0.0383472
-0.322498 , -0.167549
0.36107 , 0.666004
0.831542 , 0.603757
1.19689 , -0.912377
4.51475 , 2.64293
-8.78107 , 3.26084
10.8671 , 15.7886
26.4941 , 14.1445

0.00650534 , 0.0384087
0.0155151 , -0.349049
0.0824926 , 0.754536
0.945727 , 0.381964
1.31256 , -0.746399
4.45916 , 2.73767
-8.80872 , 3.18362
10.8199 , 15.8209
26.4724 , 14.1844

0.00657166 , 0.0384717
0.344421 , -0.150474
-0.208596 , 0.724884
1.00153 , 0.138819
1.4052 , -0.566573
4.4016 , 2.83121
-8.83569 , 3.10617
10.7726 , 15.853
26.4507 , 14.2243

0.00663983 , 0.0385362
0.340848 , 0.233904
-0.464034 , 0.581594
0.995484 , -0.110563
1.47317 , -0.376074
4.34209 , 2.92352
-8.86198 , 3.02848
10.7252 , 15.8849
26.4289 , 14.2642

0.0067097 , 0.0386023
0.00842258 , 0.426216
-0.641303 , 0.34815
0.92796 , -0.350674
1.51528 , -0.178263
4.28066 , 3.01455
-8.8876 , 2.95056
10.6777 , 15.9168
26.407 , 14.304

0.0067811 , 0.0386698
-0.325952 , 0.238432
-0.710757 , 0.0632185
0.80318 , -0.56659
1.5308 , 0.0233748
4.21734 , 3.10427
-8.91254 , 2.87242
10.6301 , 15.9485
26.3851 , 14.3438

0.00685391 , 0.0387385
-0.335114 , -0.144749
-0.660738 , -0.225799
0.628928 , -0.744906
1.51946 , 0.225284
4.15216 , 3.19263
-8.9368 , 2.79407
10.5824 , 15.98
26.3632 , 14.3835

0.00692807 , 0.0388084
-0.010016 , -0.348423
-0.499621 , -0.470803
0.41606 , -0.874577
1.48145 , 0.423908
4.08514 , 3.27959
-8.96038 , 2.7155
10.5346 , 16.0114
26.3411 , 14.4232

0.00700365 , 0.0388793
0.33143 , -0.172323
-0.254346 , -0.631168
0.177817 , -0.947599
1.41745 , 0.615744
4.01632 , 3.36512
-8.98327 , 2.63674
10.4868 , 16.0427
26.319 , 14.4629

0.00708072 , 0.0389512
0.353629 , 0.211443
0.034248 , -0.680545
-0.0710121 , -0.959497
1.32857 , 0.797409
3.94573 , 3.44918
-9.00548 , 2.55777
10.4388 , 16.0738
26.2969 , 14.5026

0.00715932 , 0.0390242
0.0348092 , 0.425614
0.318384 , -0.611118
-0.315009 , -0.909589
1.21638 , 0.965696
3.8734 , 3.53174
-9.02699 , 2.47861
10.3907 , 16.1048
26.2746 , 14.5422

0.00723945 , 0.0390983
-0.3114 , 0.260614
0.551316 , -0.434667
-0.539084 , -0.801019
1.08285 , 1.11763
3.79936 , 3.61275
-9.04782 , 2.39927
10.3426 , 16.1356
26.2523 , 14.5818

0.00732105 , 0.0391736
-0.346149 , -0.121086
0.694941 , -0.180425
-0.729408 , -0.640543
0.930333 , 1.25052
3.72365 , 3.69218
-9.06796 , 2.31974
10.2943 , 16.1663
26.23 , 14.6213

0.00740412 , 0.0392504
-0.0354186 , -0.346017
0.725864 , 0.109821
-0.874249 , -0.438101
0.761509 , 1.36201
3.64629 , 3.77
-9.08741 , 2.24004
10.246 , 16.1968
26.2076 , 14.6609

0.00748866 , 0.0393286
0.31703 , -0.193175
0.63907 , 0.388504
-0.964693 , -0.206206
0.579357 , 1.45012
3.56733 , 3.84617
-9.10616 , 2.16018
10.1975 , 16.2272
26.1851 , 14.7003

0.00757463 , 0.0394086
0.364899 , 0.188252
0.448698 , 0.609909
-0.995175 , 0.0408358
0.38709 , 1.51327
3.48679 , 3.92066
-9.12422 , 2.08015
10.149 , 16.2575
26.1626 , 14.7398

0.00766193 , 0.0394905
0.0611195 , 0.423326
0.185843 , 0.737537
-0.963818 , 0.28779
0.188109 , 1.55033
3.40472 , 3.99344
-9.14158 , 1.99996
10.1004 , 16.2876
26.14 , 14.7792

0.00775037 , 0.0395745
-0.295373 , 0.281858
-0.106358 , 0.750093
-0.872542 , 0.519431
-0.0140666 , 1.56063
3.32115 , 4.06447
-9.15824 , 1.91963
10.0517 , 16.3176
26.1174 , 14.8186

0.00783975 , 0.0396608
-0.355557 , -0.0966501
-0.379659 , 0.645151
-0.726952 , 0.721466
-0.215852 , 1.54396
3.23612 , 4.13373
-9.1742 , 1.83915
10.0029 , 16.3474
26.0947 , 14.8579

0.00792995 , 0.0397491
-0.0605856 , -0.341825
-0.58866 , 0.439782
-0.535997 , 0.881408
-0.413667 , 1.50061
3.14966 , 4.20118
-9.18946 , 1.75854
9.95401 , 16.377
26.0719 , 14.8973

0.00802092 , 0.0398395
0.301283 , -0.212919
-0.698455 , 0.167912
-0.311437 , 0.989349
-0.603994 , 1.43132
3.06182 , 4.2668
-9.20402 , 1.67779
9.90503 , 16.4066
26.0491 , 14.9365

0.00811268 , 0.0399319
0.374603 , 0.16446
-0.690634 , -0.125272
-0.067122 , 1.03857
-0.783445 , 1.33731
2.97264 , 4.33056
-9.21787 , 1.59692
9.85597 , 16.4359
26.0262 , 14.9758

0.00820525 , 0.0400263
0.0872309 , 0.419386
-0.566494 , -0.39096
0.181849 , 1.02598
-0.948821 , 1.22024
2.88215 , 4.39242
-9.23102 , 1.51593
9.80682 , 16.4652
26.0032 , 15.015

0.00829865 , 0.0401227
-0.277954 , 0.302091
-0.346808 , -0.585014
0.42006 , 0.952291
-1.09717 , 1.08218
2.79039 , 4.45237
-9.24347 , 1.43483
9.75758 , 16.4943
25.9802 , 15.0542

0.00839289 , 0.0402209
-0.363305 , -0.0715337
-0.0682138 , -0.675414
0.63273 , 0.822029
-1.22584 , 0.925569
2.6974 , 4.51037
-9.25521 , 1.35363
9.70825 , 16.5232
25.9572 , 15.0933

0.00848809 , 0.0403209
-0.0854067 , -0.33585
0.223071 , -0.647511
0.806641 , 0.643236
-1.33253 , 0.753194
2.60324 , 4.56641
-9.26624 , 1.27232
9.65884 , 16.552
25.934 , 15.1324

0.0085844 , 0.0404226
0.284252 , -0.231451
0.479024 , -0.506261
0.930968 , 0.426992
-1.41533 , 0.568121
2.50793 , 4.62045
-9.27656 , 1.19092
9.60934 , 16.5806
25.9108 , 15.1715

0.00868196 , 0.0405261
0.382693 , 0.140178
0.657697 , -0.275174
0.997967 , 0.186726
-1.47275 , 0.373646
2.41152 , 4.67248
-9.28618 , 1.10943
9.55975 , 16.6091
25.8876 , 15.2105

0.00878083 , 0.0406314
0.113026 , 0.413814
0.729952 , 0.00769499
1.00346 , -0.0626268
-1.50377 , 0.173233
2.31405 , 4.72247
-9.29508 , 1.02786
9.51008 , 16.6375
25.8643 , 15.2495

0.00888096 , 0.0407388
-0.259216 , 0.321224
0.684048 , 0.295963
0.947122 , -0.305558
-1.50781 , -0.0295416
2.21557 , 4.77041
-9.30328 , 0.946211
9.46032 , 16.6657
25.8409 , 15.2885

0.00898221 , 0.0408483
-0.369354 , -0.045849
0.527467 , 0.542386
0.832464 , -0.526964
-1.48482 , -0.231062
2.11612 , 4.81626
-9.31076 , 0.864496
9.41048 , 16.6937
25.8175 , 15.3274

0.00908445 , 0.0409599
-0.109767 , -0.328123
0.285756 , 0.706437
0.666647 , -0.713094
-1.43519 , -0.427734
2.01574 , 4.86001
-9.31753 , 0.782718
9.36056 , 16.7216
25.794 , 15.3663

0.00918753 , 0.0410736
0.266021 , -0.248694
-0.00148745 , 0.760903
0.460006 , -0.852409
-1.35981 , -0.616049
1.91448 , 4.90165
-9.32359 , 0.700884
9.31055 , 16.7494
25.7704 , 15.4052

0.00929133 , 0.0411895
0.389138 , 0.115515
-0.28694 , 0.696465
0.225397 , -0.936299
-1.26003 , -0.792652
1.81239 , 4.94115
-9.32894 , 0.619
9.26046 , 16.777
25.7468 , 15.444

0.00939567 , 0.0413075
0.13839 , 0.406635
-0.523279 , 0.52345
-0.0226062 , -0.959611
-1.13764 , -0.954399
1.7095 , 4.9785
-9.33357 , 0.537072
9.21028 , 16.8044
25.7232 , 15.4828

0.00950031 , 0.0414276
-0.239247 , 0.339172
-0.671099 , 0.270342
-0.268631 , -0.920954
-0.994827 , -1.09841
1.60587 , 5.01369
-9.33749 , 0.455106
9.16002 , 16.8317
25.6994 , 15.5215

0.00960505 , 0.0415499
-0.373682 , -0.0197089
-0.705645 , -0.0208542
-0.497455 , -0.822771
-0.834133 , -1.22214
1.50153 , 5.04669
-9.3407 , 0.373108
9.10968 , 16.8589
25.6756 , 15.5602

0.00970977 , 0.041674
-0.133568 , -0.318671
-0.621105 , -0.301661
-0.694949 , -0.671178
-0.658427 , -1.32338
1.39654 , 5.07749
-9.34319 , 0.291086
9.05926 , 16.8859
25.6518 , 15.5989

0.00981445 , 0.0417999
0.246655 , -0.264563
-0.43163 , -0.525368
-0.848937 , -0.475568
-0.470844 , -1.40035
1.29094 , 5.10609
-9.34497 , 0.209045
9.00876 , 16.9127
25.6279 , 15.6376

0.00991918 , 0.0419276
0.393891 , 0.0905846
-0.168864 , -0.654944
-0.949935 , -0.248032
-0.27472 , -1.4517
1.18479 , 5.13247
-9.34604 , 0.126991
8.95818 , 16.9394
25.6039 , 15.6762

0.010024 , 0.0420571
0.163189 , 0.397887
0.123517 , -0.669191
-0.99173 , -0.00260814
-0.073543 , -1.47653
1.07811 , 5.15661
-9.34639 , 0.0449306
8.90752 , 16.966
25.5799 , 15.7147

0.010129 , 0.0421884
-0.218157 , 0.355858
0.397202 , -0.566102
-0.971747 , 0.245572
0.129117 , -1.47442
0.970969 , 5.17852
-9.34602 , -0.0371296
8.85677 , 16.9924
25.5558 , 15.7533

0.0102341 , 0.0423218
-0.376293 , 0.00677488
0.607248 , -0.36296
-0.891206 , 0.481209
0.329668 , -1.44543
0.863406 , 5.19817
-9.34494 , -0.119184
8.80595 , 17.0186
25.5317 , 15.7918

0.0103393 , 0.0424572
-0.156725 , -0.307535
0.719349 , -0.093308
-0.75505 , 0.68977
0.524562 , -1.39008
0.755468 , 5.21557
-9.34315 , -0.201225
8.75505 , 17.0447
25.5075 , 15.8302

0.0104449 , 0.0425949
0.226228 , -0.278983
0.715266 , 0.198599
-0.571647 , 0.858374
0.710354 , -1.30938
0.647205 , 5.2307
-9.34065 , -0.283248
8.70407 , 17.0706
25.4832 , 15.8687

0.0105506 , 0.0427348
0.396916 , 0.0655114
0.595682 , 0.464937
-0.352285 , 0.976582
0.883768 , -1.20476
0.538663 , 5.24356
-9.33742 , -0.365245
8.65301 , 17.0964
25.4589 , 15.9071

0.0106567 , 0.0428772
0.1873 , 0.387616
0.380089 , 0.661984
-0.11049 , 1.03705
1.04175 , -1.07809
0.42989 , 5.25415
-9.33349 , -0.447211
8.60188 , 17.122
25.4345 , 15.9454

0.0107629 , 0.0430223
-0.196043 , 0.371218
0.103747 , 0.757185
0.138801 , 1.03599
1.18151 , -0.931615
0.320933 , 5.26246
-9.32884 , -0.52914
8.55067 , 17.1475
25.4101 , 15.9837

0.010869 , 0.0431701
-0.377175 , 0.0335001
-0.18791 , 0.734551
0.380156 , 0.973413
1.30061 , -0.767934
0.21184 , 5.26848
-9.32348 , -0.611024
8.49938 , 17.1728
25.3856 , 16.022

0.010975 , 0.0433205
-0.179132 , -0.294749
-0.446637 , 0.597478
0.598608 , 0.85315
1.39695 , -0.589938
0.10266 , 5.27222
-9.31741 , -0.692859
8.44802 , 17.198
25.361 , 16.0602

0.0110807 , 0.0434734
0.204834 , -0.291872
-0.629377 , 0.368423
0.780583 , 0.682626
1.46884 , -0.40077
-0.00656069 , 5.27368
-9.31063 , -0.774637
8.39658 , 17.223
25.3364 , 16.0984

0.0111862 , 0.0436287
0.398205 , 0.0404242
-0.705569 , 0.0853247
0.914759 , 0.472406
1.51502 , -0.203767
-0.115774 , 5.27285
-9.30313 , -0.856352
8.34506 , 17.2479
25.3117 , 16.1366

0.0112913 , 0.0437862
0.21062 , 0.375886
-0.662425 , -0.204712
0.99278 , 0.235541
1.53469 , -0.00240055
-0.224931 , 5.26974
-9.29492 , -0.937999
8.29347 , 17.2726
25.287 , 16.1747

0.0113961 , 0.0439459
-0.173003 , 0.3852
-0.507161 , -0.453401
1.00979 , -0.013241
1.52751 , 0.199782
-0.333986 , 5.26435
-9.28601 , -1.01957
8.24181 , 17.2972
25.2622 , 16.2128

0.0115005 , 0.0441076
-0.376325 , 0.0603554
-0.265737 , -0.619478
0.964722 , -0.258466
1.4936 , 0.39922
-0.44289 , 5.25667
-9.27638 , -1.10106
8.19007 , 17.3216
25.2373 , 16.2509

0.0116045 , 0.0442712
-0.200689 , -0.280364
0.0216429 , -0.675619
0.860407 , -0.484883
1.43356 , 0.592398
-0.551596 , 5.24673
-9.26604 , -1.18246
8.13826 , 17.3458
25.2124 , 16.2889

0.0117083 , 0.0444364
0.182566 , -0.303168
0.307392 , -0.612865
0.703354 , -0.678423
1.34844 , 0.775913
-0.660057 , 5.23451
-9.255 , -1.26377
8.08638 , 17.3699
25.1875 , 16.3269

0.0118118 , 0.0446034
0.397745 , 0.0154319
0.544486 , -0.441889
0.503353 , -0.82708
1.23974 , 0.946527
-0.768224 , 5.22003
-9.24325 , -1.34498
8.03442 , 17.3939
25.1624 , 16.3648

0.0119152 , 0.0447721
0.233039 , 0.362739
0.69413 , -0.191019
0.272854 , -0.921654
1.10937 , 1.10123
-0.876052 , 5.2033
-9.23079 , -1.42608
7.98239 , 17.4176
25.1373 , 16.4027

0.0120184 , 0.0449427
-0.149142 , 0.39773
0.731948 , 0.0985107
0.0261785 , -0.956326
0.95963 , 1.23728
-0.983493 , 5.18432
-9.21763 , -1.50707
7.93029 , 17.4413
25.1122 , 16.4406

0.0121213 , 0.0451153
-0.373752 , 0.08721
0.651805 , 0.379264
-0.221377 , -0.928995
0.793146 , 1.35227
-1.0905 , 5.16309
-9.20377 , -1.58794
7.87812 , 17.4647
25.087 , 16.4784

0.0122236 , 0.04529
-0.221304 , -0.264458
0.466762 , 0.605209
-0.454491 , -0.841403
0.612854 , 1.44416
-1.19703 , 5.13964
-9.1892 , -1.66869
7.82588 , 17.488
25.0617 , 16.5162

0.0123253 , 0.0454668
0.159521 , -0.312836
0.207038 , 0.73913
-0.658764 , -0.699008
0.421937 , 1.51131
-1.30303 , 5.11397
-9.17393 , -1.7493
7.77357 , 17.5112
25.0364 , 16.5539

0.0124263 , 0.0456458
0.395534 , -0.0093633
-0.084753 , 0.758724
-0.821597 , -0.510638
0.223768 , 1.55251
-1.40846 , 5.0861
-9.15796 , -1.82978
7.72119 , 17.5342
25.011 , 16.5917

0.0125264 , 0.0458271
0.254449 , 0.348231
-0.36045 , 0.660417
-0.932963 , -0.287936
0.0218543 , 1.56702
-1.51327 , 5.05603
-9.14129 , -1.91012
7.66874 , 17.557
24.9856 , 16.6293

0.0126253 , 0.0460106
-0.124581 , 0.408749
-0.574266 , 0.46019
-0.986009 , -0.0446436
-0.180227 , 1.55457
-1.61741 , 5.02378
-9.12392 , -1.9903
7.61622 , 17.5797
24.9601 , 16.667

0.0127229 , 0.0461964
-0.369477 , 0.113944
-0.690502 , 0.191119
-0.977469 , 0.204242
-0.378888 , 1.51536
-1.72085 , 4.98937
-9.10585 , -2.07033
7.56363 , 17.6023
24.9346 , 16.7046

0.0128191 , 0.0463843
-0.240901 , -0.247096
-0.689672 , -0.102069
-0.907859 , 0.443383
-0.570597 , 1.45007
-1.82353 , 4.9528
-9.08709 , -2.1502
7.51097 , 17.6246
24.9089 , 16.7421

0.0129138 , 0.0465741
0.13578 , -0.320822
-0.5719 , -0.370548
-0.781452 , 0.658033
-0.751942 , 1.35984
-1.92542 , 4.91411
-9.06764 , -2.2299
7.45825 , 17.6468
24.8833 , 16.7796

0.0130072 , 0.0467659
0.391562 , -0.0338395
-0.356894 , -0.569691
-0.606014 , 0.834943
-0.91969 , 1.24627
-2.02646 , 4.8733
-9.04749 , -2.30942
7.40546 , 17.6689
24.8576 , 16.8171

0.0130993 , 0.0469595
0.274733 , 0.332438
-0.0805198 , -0.666603
-0.392344 , 0.963169
-1.07085 , 1.11136
-2.12662 , 4.83039
-9.02666 , -2.38877
7.35261 , 17.6908
24.8318 , 16.8546

0.0131902 , 0.0471549
-0.09945 , 0.418219
0.211359 , -0.645535
-0.153611 , 1.03476
-1.20271 , 0.957511
-2.22585 , 4.7854
-9.00513 , -2.46793
7.29969 , 17.7125
24.8059 , 16.892

0.0132801 , 0.0473523
-0.363542 , 0.140451
0.470602 , -0.510298
0.0954391 , 1.04523
-1.31292 , 0.787454
-2.32411 , 4.73836
-8.98292 , -2.5469
7.2467 , 17.7341
24.78 , 16.9293

0.0133689 , 0.0475515
-0.25941 , -0.228345
0.654708 , -0.283407
0.339396 , 0.993893
-1.39951 , 0.604215
-2.42135 , 4.68928
-8.96002 , -2.62567
7.19365 , 17.7556
24.7541 , 16.9667

0.0134568 , 0.0477526
0.111443 , -0.327084
0.733641 , -0.00222726
0.563134 , 0.883885
-1.46091 , 0.411059
-2.51753 , 4.63818
-8.93644 , -2.70424
7.14053 , 17.7768
24.7281 , 17.0039

