-61.2795
-24.5191
-17.2258
-13.8373
-11.8207
-10.4616
-9.47406
-8.71897
-8.12013
-7.63191
-7.22518
-6.88042
-6.58401
-6.32613
-6.0995
-5.89861
-5.71922
-5.55796
-5.41219
-5.27973
-5.15883
-5.04803
-4.94611
-4.85205
-4.76499
-4.68418
-4.609
-4.53888
-4.47335
-4.412
-4.35445
-4.30039
-4.24953
-4.20161
-4.15641
-4.11373
-4.07337
-4.03519
-3.99902
-3.96474
-3.93223
-3.90136
-3.87205
-3.8442
-3.81772
-3.79255
-3.76859
-3.7458
-3.72411
-3.70347
-3.68381
-3.66511
-3.6473
-3.63035
-3.61422
-3.59888
-3.58429
-3.57042
-3.55724
-3.54473
-3.53286
-3.52161
-3.51094
-3.50086
-3.49132
-3.48232
-3.47384
-3.46586
-3.45837
-3.45135
-3.44479
-3.43868
-3.433
-3.42775
-3.42291
-3.41847
-3.41443
-3.41078
-3.4075
-3.40459
-3.40205
-3.39986
-3.39802
-3.39653
-3.39538
-3.39456
-3.39407
-3.3939
-3.39405
-3.39452
-3.39531
-3.3964
-3.3978
-3.39951
-3.40151
-3.40382
-3.40643
-3.40933
-3.41253
-3.41602
-3.41981
-3.42389
-3.42826
-3.43292
-3.43788
-3.44312
-3.44866
-3.4545
-3.46062
-3.46704
-3.47376
-3.48077
-3.48808
-3.4957
-3.50361
-3.51183
-3.52036
-3.52919
-3.53834
-3.54781
-3.55759
-3.5677
-3.57813
-3.58889
-3.59998
-3.61142
-3.62319
-3.63531
-3.64779
-3.66062
-3.67382
-3.68739
-3.70133
-3.71566
-3.73037
-3.74548
-3.761
-3.77692
-3.79327
-3.81004
-3.82725
-3.8449
-3.86301
-3.88159
-3.90064
-3.92018
-3.94022
-3.96077
-3.98184
-4.00345
-4.02561
-4.04833
-4.07162
-4.09552
-4.12002
-4.14515
-4.17092
-4.19736
-4.22448
-4.2523
-4.28084
-4.31013
-4.34019
-4.37104
-4.40271
-4.43523
-4.46861
-4.5029
-4.53812
-4.5743
-4.61149
-4.6497
-4.68899
-4.72939
-4.77094
-4.81369
-4.85768
-4.90297
-4.94959
-4.99761
-5.04709
-5.09808
-5.15065
-5.20488
-5.26082
-5.31856
-5.37818
-5.43976
-5.50341
-5.56921
-5.63728
-5.70773
-5.78067
-5.85624
-5.93457
-6.01582
-6.10013
-6.1877
-6.27869
-6.37331
-6.47177
-6.57431
-6.68118
-6.79266
-6.90905
-7.03066
-7.15787
-7.29105
-7.43064
-7.57711
-7.73097
-7.89281
-8.06324
-8.24299
-8.43284
-8.63366
-8.84645
-9.07231
-9.31249
-9.56842
-9.84172
-10.1342
-10.4481
-10.7858
-11.1503
-11.5447
-11.9732
-12.4404
-12.952
-13.5147
-14.1369
-14.8287
-15.6031
-16.4761
-17.4686
-18.608
-19.9308
-21.4873
-23.3484
-25.6181
-28.4555
-32.1182
-37.0547
-44.1286
-55.2668
-75.9422
-131.571
-774.984
-125.615
-74.2746
-54.4952
-43.6946
-36.7855
-31.9424
-28.338
-25.5396
-23.2973
-21.4562
-19.9149
-18.6039
-17.4739
-16.489
-15.6223
-14.8532
-14.1658
-13.5475
-12.9882
-12.4796
-12.0151
-11.589
-11.1967
-10.8343
-10.4984
-10.1862
-9.89529
-9.62348
-9.36896
-9.13012
-8.90554
-8.69398
-8.49433
-8.30561
-8.12696
-7.95757
-7.79677
-7.6439
-7.4984
-7.35976
-7.2275
-7.10119
-6.98046
-6.86494
-6.7543
-6.64826
-6.54653
-6.44886
-6.35501
-6.26478
-6.17796
-6.09437
-6.01384
-5.9362
-5.86131
-5.78903
-5.71922
-5.65178
-5.58658
-5.52352
-5.4625
-5.40343
-5.34621
-5.29077
-5.23704
-5.18492
-5.13437
-5.0853
-5.03766
-4.9914
-4.94645
-4.90276
-4.86028
-4.81897
-4.77879
-4.73968
-4.70161
-4.66454
-4.62843
-4.59325
-4.55896
-4.52553
-4.49294
-4.46115
-4.43013
-4.39986
-4.37031
-4.34146
-4.31328
-4.28575
-4.25885
-4.23256
-4.20686
-4.18173
-4.15714
-4.13309
-4.10955
-4.08652
-4.06396
-4.04187
-4.02024
-3.99904
-3.97826
-3.95789
-3.93793
-3.91834
-3.89913
-3.88028
-3.86177
-3.84361
-3.82577
-3.80824
-3.79103
-3.77411
-3.75747
-3.74112
-3.72503
-3.7092
-3.69363
-3.67829
-3.66319
-3.64832
-3.63367
-3.61923
-3.60499
-3.59095
-3.57711
-3.56344
-3.54996
-3.53664
-3.5235
-3.51051
-3.49767
-3.48498
-3.47244
-3.46003
-3.44776
-3.43561
-3.42358
-3.41167
-3.39988
-3.38819
-3.3766
-3.36512
-3.35373
-3.34243
-3.33122
-3.3201
-3.30905
-3.29808
-3.28719
-3.27637
-3.26561
-3.25492
-3.24428
-3.23371
-3.22319
-3.21273
-3.20231
-3.19195
-3.18163
-3.17135
-3.16112
-3.15092
-3.14076
-3.13064
-3.12056
-3.1105
-3.10048
-3.09048
-3.08052
-3.07058
-3.06066
-3.05078
-3.04091
-3.03107
-3.02124
-3.01144
-3.00166
-2.9919
-2.98216
-2.97243
-2.96272
-2.95303
-2.94336
-2.9337
-2.92406
-2.91443
-2.90482
-2.89522
-2.88564
-2.87608
-2.86653
-2.85699
-2.84748
-2.83797
-2.82848
-2.81901
-2.80955
-2.80011
-2.79069
-2.78128
-2.77189
-2.76252
-2.75316
-2.74382
-2.73451
-2.7252
-2.71592
-2.70666
-2.69742
-2.6882
-2.679
-2.66982
-2.66066
-2.65153
-2.64242
-2.63333
-2.62426
-2.61522
-2.60621
-2.59722
-2.58825
-2.57931
-2.5704
-2.56151
-2.55266
-2.54383
-2.53503
-2.52626
-2.51751
-2.5088
-2.50012
-2.49147
-2.48285
-2.47426
-2.4657
-2.45718
-2.44868
-2.44022
-2.4318
-2.42341
-2.41505
-2.40673
-2.39844
-2.39018
-2.38197
-2.37378
-2.36564
-2.35752
-2.34945
-2.34141
