0, 0
0.0113161, 0.012135
1, 0

0, 0
0.0290341, 0.0311352
0.999995, 0.00319403

0, 0
0.042144, 0.0451936
0.99998, 0.00638804

0, 0
0.0533555, 0.0572162
0.999954, 0.00958197

0, 0
0.0634145, 0.0680026
0.999918, 0.0127758

0, 0
0.0726657, 0.0779227
0.999872, 0.0159695

0, 0
0.0813046, 0.087186
0.999816, 0.0191631

0, 0
0.0894559, 0.0959262
0.99975, 0.0223564

0, 0
0.097205, 0.104235
0.999674, 0.0255495

0, 0
0.104614, 0.112179
0.999587, 0.0287424

0, 0
0.111729, 0.119808
0.99949, 0.031935

0, 0
0.118587, 0.127161
0.999383, 0.0351272

0, 0
0.125217, 0.134269
0.999266, 0.0383191

0, 0
0.131643, 0.141157
0.999138, 0.0415106

0, 0
0.137883, 0.147847
0.999, 0.0447017

0, 0
0.143955, 0.154356
0.998853, 0.0478923

0, 0
0.149873, 0.160699
0.998694, 0.0510824

0, 0
0.155647, 0.166889
0.998526, 0.054272

0, 0
0.161289, 0.172937
0.998348, 0.0574611

0, 0
0.166809, 0.178853
0.998159, 0.0606495

0, 0
0.172213, 0.184645
0.99796, 0.0638374

0, 0
0.177509, 0.190321
0.997751, 0.0670246

0, 0
0.182704, 0.195888
0.997532, 0.0702111

0, 0
0.187802, 0.201352
0.997303, 0.0733969

0, 0
0.19281, 0.206718
0.997063, 0.0765819

0, 0
0.197732, 0.211992
0.996814, 0.0797662

0, 0
0.202572, 0.217178
0.996554, 0.0829496

0, 0
0.207334, 0.22228
0.996284, 0.0861322

0, 0
0.212022, 0.227302
0.996004, 0.0893139

0, 0
0.216639, 0.232248
0.995713, 0.0924948

0, 0
0.221187, 0.23712
0.995413, 0.0956746

0, 0
0.22567, 0.241922
0.995102, 0.0988535

0, 0
0.230091, 0.246656
0.994781, 0.102031

0, 0
0.234451, 0.251326
0.99445, 0.105208

0, 0
0.238752, 0.255933
0.994109, 0.108384

0, 0
0.242998, 0.260479
0.993758, 0.111559

0, 0
0.24719, 0.264968
0.993396, 0.114732

0, 0
0.251329, 0.2694
0.993025, 0.117905

0, 0
0.255418, 0.273777
0.992643, 0.121076

0, 0
0.259458, 0.278102
0.992251, 0.124246

0, 0
0.26345, 0.282376
0.99185, 0.127414

0, 0
0.267397, 0.2866
0.991438, 0.130582

0, 0
0.271299, 0.290776
0.991015, 0.133748

0, 0
0.275157, 0.294905
0.990583, 0.136912

0, 0
0.278974, 0.298989
0.990141, 0.140076

0, 0
0.282749, 0.303029
0.989688, 0.143237

0, 0
0.286484, 0.307025
0.989226, 0.146398

0, 0
0.290181, 0.31098
0.988753, 0.149557

0, 0
0.29384, 0.314893
0.98827, 0.152714

0, 0
0.297462, 0.318767
0.987778, 0.15587

0, 0
0.301047, 0.322602
0.987275, 0.159024

0, 0
0.304598, 0.326399
0.986762, 0.162177

0, 0
0.308114, 0.330159
0.986239, 0.165328

0, 0
0.311597, 0.333882
0.985706, 0.168477

0, 0
0.315047, 0.337571
0.985162, 0.171624

0, 0
0.318465, 0.341224
0.984609, 0.17477

0, 0
0.321852, 0.344843
0.984046, 0.177914

0, 0
0.325208, 0.348429
0.983473, 0.181056

0, 0
0.328533, 0.351983
0.982889, 0.184197

0, 0
0.33183, 0.355505
0.982296, 0.187335

0, 0
0.335097, 0.358995
0.981693, 0.190471

0, 0
0.338336, 0.362455
0.981079, 0.193606

0, 0
0.341547, 0.365884
0.980456, 0.196739

0, 0
0.344731, 0.369284
0.979823, 0.199869

0, 0
0.347889, 0.372655
0.979179, 0.202998

0, 0
0.35102, 0.375998
0.978526, 0.206124

0, 0
0.354125, 0.379312
0.977862, 0.209249

0, 0
0.357205, 0.382599
0.977189, 0.212371

0, 0
0.36026, 0.385859
0.976506, 0.215491

0, 0
0.363291, 0.389093
0.975813, 0.218609

0, 0
0.366298, 0.3923
0.975109, 0.221725

0, 0
0.369281, 0.395482
0.974396, 0.224838

0, 0
0.37224, 0.398638
0.973673, 0.227949

0, 0
0.375177, 0.401769
0.97294, 0.231058

0, 0
0.378092, 0.404876
0.972197, 0.234164

0, 0
0.380984, 0.407959
0.971444, 0.237268

0, 0
0.383854, 0.411018
0.970681, 0.24037

0, 0
0.386703, 0.414053
0.969909, 0.243469

0, 0
0.389531, 0.417065
0.969126, 0.246566

0, 0
0.392338, 0.420055
0.968334, 0.24966

0, 0
0.395125, 0.423022
0.967531, 0.252752

0, 0
0.397891, 0.425967
0.966719, 0.255841

0, 0
0.400637, 0.42889
0.965897, 0.258927

0, 0
0.403363, 0.431792
0.965065, 0.262011

0, 0
0.406071, 0.434673
0.964223, 0.265092

0, 0
0.408759, 0.437532
0.963371, 0.26817

0, 0
0.411428, 0.440371
0.96251, 0.271246

0, 0
0.414078, 0.443189
0.961639, 0.274319

0, 0
0.41671, 0.445987
0.960758, 0.277389

0, 0
0.419324, 0.448765
0.959867, 0.280456

0, 0
0.42192, 0.451524
0.958966, 0.283521

0, 0
0.424499, 0.454263
0.958056, 0.286582

0, 0
0.42706, 0.456983
0.957135, 0.289641

0, 0
0.429603, 0.459684
0.956205, 0.292697

0, 0
0.43213, 0.462366
0.955266, 0.295749

0, 0
0.43464, 0.46503
0.954316, 0.298799

0, 0
0.437133, 0.467675
0.953357, 0.301845

0, 0
0.439609, 0.470302
0.952388, 0.304889

0, 0
0.44207, 0.472911
0.951409, 0.307929

0, 0
0.444514, 0.475503
0.950421, 0.310967

0, 0
0.446943, 0.478076
0.949423, 0.314001

0, 0
0.449356, 0.480633
0.948415, 0.317032

0, 0
0.451753, 0.483172
0.947398, 0.320059

0, 0
0.454135, 0.485695
0.94637, 0.323084

0, 0
0.456502, 0.4882
0.945334, 0.326105

0, 0
0.458854, 0.490689
0.944287, 0.329123

0, 0
0.461191, 0.493161
0.943231, 0.332137

0, 0
0.463513, 0.495617
0.942166, 0.335148

0, 0
0.465821, 0.498057
0.94109, 0.338156

0, 0
0.468115, 0.500481
0.940005, 0.34116

0, 0
0.470394, 0.502889
0.938911, 0.34416

0, 0
0.472659, 0.505281
0.937807, 0.347158

0, 0
0.474911, 0.507657
0.936693, 0.350151

0, 0
0.477148, 0.510019
0.93557, 0.353141

0, 0
0.479372, 0.512365
0.934437, 0.356128

0, 0
0.481582, 0.514695
0.933295, 0.35911

0, 0
0.483779, 0.517011
0.932143, 0.36209

0, 0
0.485963, 0.519312
0.930982, 0.365065

0, 0
0.488133, 0.521598
0.929811, 0.368037

0, 0
0.490291, 0.523869
0.928631, 0.371005

0, 0
0.492436, 0.526126
0.927441, 0.373969

0, 0
0.494568, 0.528369
0.926242, 0.376929

0, 0
0.496687, 0.530597
0.925033, 0.379886

0, 0
0.498794, 0.532811
0.923815, 0.382838

0, 0
0.500888, 0.535011
0.922588, 0.385787

0, 0
0.502971, 0.537197
0.921351, 0.388732

0, 0
0.505041, 0.539369
0.920105, 0.391673

0, 0
0.507099, 0.541528
0.918849, 0.39461

0, 0
0.509145, 0.543673
0.917584, 0.397543

0, 0
0.511179, 0.545804
0.916309, 0.400471

0, 0
0.513202, 0.547922
0.915025, 0.403396

0, 0
0.515213, 0.550027
0.913732, 0.406317

0, 0
0.517212, 0.552118
0.91243, 0.409233

0, 0
0.5192, 0.554197
0.911118, 0.412145

0, 0
0.521177, 0.556262
0.909797, 0.415053

0, 0
0.523142, 0.558314
0.908467, 0.417957

0, 0
0.525097, 0.560354
0.907127, 0.420857

0, 0
0.52704, 0.562381
0.905778, 0.423752

0, 0
0.528973, 0.564395
0.90442, 0.426643

0, 0
0.530894, 0.566396
0.903053, 0.429529

0, 0
0.532805, 0.568386
0.901676, 0.432412

0, 0
0.534706, 0.570362
0.900291, 0.435289

0, 0
0.536596, 0.572326
0.898896, 0.438163

0, 0
0.538475, 0.574278
0.897492, 0.441032

0, 0
0.540344, 0.576218
0.896078, 0.443896

0, 0
0.542203, 0.578146
0.894656, 0.446756

0, 0
0.544051, 0.580062
0.893224, 0.449611

0, 0
0.54589, 0.581965
0.891784, 0.452462

0, 0
0.547718, 0.583857
0.890334, 0.455308

0, 0
0.549537, 0.585737
0.888875, 0.458149

0, 0
0.551346, 0.587605
0.887407, 0.460986

0, 0
0.553145, 0.589462
0.88593, 0.463818

0, 0
0.554934, 0.591307
0.884444, 0.466645

0, 0
0.556714, 0.59314
0.88295, 0.469468

0, 0
0.558484, 0.594962
0.881446, 0.472286

0, 0
0.560245, 0.596773
0.879933, 0.475099

0, 0
0.561996, 0.598572
0.878411, 0.477907

0, 0
0.563739, 0.60036
0.87688, 0.48071

0, 0
0.565472, 0.602136
0.87534, 0.483508

0, 0
0.567196, 0.603902
0.873791, 0.486302

0, 0
0.568911, 0.605656
0.872233, 0.48909

0, 0
0.570617, 0.607399
0.870667, 0.491874

0, 0
0.572314, 0.609131
0.869091, 0.494652

0, 0
0.574003, 0.610852
0.867507, 0.497425

0, 0
0.575683, 0.612562
0.865913, 0.500194

0, 0
0.577354, 0.614262
0.864311, 0.502957

0, 0
0.579017, 0.61595
0.862701, 0.505715

0, 0
0.580671, 0.617628
0.861081, 0.508468

0, 0
0.582317, 0.619295
0.859452, 0.511216

0, 0
0.583955, 0.620951
0.857815, 0.513958

0, 0
0.585584, 0.622597
0.856169, 0.516695

0, 0
0.587206, 0.624232
0.854515, 0.519427

0, 0
0.588819, 0.625856
0.852851, 0.522154

0, 0
0.590424, 0.62747
0.851179, 0.524876

0, 0
0.592022, 0.629073
0.849498, 0.527592

0, 0
0.593612, 0.630666
0.847809, 0.530302

0, 0
0.595194, 0.632249
0.846111, 0.533007

0, 0
0.596769, 0.633821
0.844404, 0.535707

0, 0
0.598336, 0.635383
0.842688, 0.538402

0, 0
0.599895, 0.636934
0.840964, 0.54109

0, 0
0.601448, 0.638475
0.839232, 0.543774

0, 0
0.602993, 0.640006
0.837491, 0.546451

0, 0
0.604531, 0.641527
0.835741, 0.549124

0, 0
0.606062, 0.643038
0.833983, 0.55179

0, 0
0.607585, 0.644538
0.832216, 0.554451

0, 0
0.609103, 0.646028
0.830441, 0.557106

0, 0
0.610613, 0.647508
0.828657, 0.559756

0, 0
0.612116, 0.648978
0.826865, 0.5624

0, 0
0.613613, 0.650438
0.825065, 0.565038

0, 0
0.615104, 0.651888
0.823256, 0.567671

0, 0
0.616588, 0.653327
0.821438, 0.570297

0, 0
0.618066, 0.654757
0.819613, 0.572918

0, 0
0.619538, 0.656176
0.817779, 0.575533

0, 0
0.621004, 0.657586
0.815936, 0.578142

0, 0
0.622464, 0.658985
0.814085, 0.580745

0, 0
0.623919, 0.660375
0.812226, 0.583342

0, 0
0.625367, 0.661754
0.810359, 0.585934

0, 0
0.62681, 0.663124
0.808483, 0.588519

0, 0
0.628248, 0.664483
0.806599, 0.591098

0, 0
0.629681, 0.665832
0.804707, 0.593672

0, 0
0.631108, 0.667171
0.802807, 0.596239

0, 0
0.632531, 0.668501
0.800899, 0.5988

0, 0
0.633949, 0.66982
0.798982, 0.601355

0, 0
0.635362, 0.671129
0.797057, 0.603904

0, 0
0.636771, 0.672427
0.795124, 0.606447

0, 0
0.638176, 0.673716
0.793183, 0.608983

0, 0
0.639577, 0.674994
0.791234, 0.611514

0, 0
0.640974, 0.676263
0.789277, 0.614038

0, 0
0.642367, 0.67752
0.787311, 0.616556

0, 0
0.643757, 0.678768
0.785338, 0.619067

0, 0
0.645144, 0.680005
0.783357, 0.621572

0, 0
0.646528, 0.681232
0.781367, 0.624071

0, 0
0.64791, 0.682448
0.77937, 0.626564

0, 0
0.649289, 0.683653
0.777365, 0.62905

0, 0
0.650666, 0.684847
0.775352, 0.63153

0, 0
0.652042, 0.686031
0.773331, 0.634003

0, 0
0.653417, 0.687204
0.771302, 0.63647

0, 0
0.654791, 0.688366
0.769265, 0.63893

0, 0
0.656164, 0.689516
0.76722, 0.641384

0, 0
0.657538, 0.690655
0.765168, 0.643831

0, 0
0.658912, 0.691782
0.763107, 0.646272

0, 0
0.660287, 0.692897
0.761039, 0.648706

0, 0
0.661664, 0.694001
0.758963, 0.651133

0, 0
0.663044, 0.695092
0.75688, 0.653554

0, 0
0.664427, 0.69617
0.754788, 0.655968

0, 0
0.665814, 0.697235
0.752689, 0.658376

0, 0
0.667206, 0.698287
0.750583, 0.660777

0, 0
0.668604, 0.699324
0.748468, 0.663171

0, 0
0.670009, 0.700347
0.746346, 0.665558

0, 0
0.671423, 0.701356
0.744217, 0.667938

0, 0
0.672847, 0.702348
0.742079, 0.670312

0, 0
0.674283, 0.703324
0.739935, 0.672679

0, 0
0.675734, 0.704281
0.737782, 0.675039

0, 0
0.677201, 0.70522
0.735622, 0.677392

0, 0
0.678687, 0.706139
0.733455, 0.679738

0, 0
0.680197, 0.707035
0.73128, 0.682077

0, 0
0.681733, 0.707907
0.729098, 0.684409

0, 0
0.683303, 0.708752
0.726908, 0.686735

0, 0
0.684912, 0.709565
0.724711, 0.689053

0, 0
0.686569, 0.710343
0.722506, 0.691364

0, 0
0.688286, 0.711077
0.720294, 0.693668

0, 0
0.690078, 0.711759
0.718075, 0.695966

0, 0
0.691969, 0.712374
0.715849, 0.698256

0, 0
0.693994, 0.712898
0.713615, 0.700538

0, 0
0.696211, 0.713288
0.711373, 0.702814

0, 0
0.698732, 0.713452
0.709125, 0.705083

0, 0
0.701832, 0.713113
0.706869, 0.707344

0, 0
0.705857, 0.709274
0.704606, 0.709598

0, 0
0.698108, 0.705024
0.702336, 0.711845

0, 0
0.691075, 0.703808
0.700059, 0.714085

0, 0
0.684502, 0.703144
0.697775, 0.716317

0, 0
0.678182, 0.702734
0.695483, 0.718542

0, 0
0.672025, 0.702473
0.693185, 0.72076

0, 0
0.665982, 0.70231
0.690879, 0.72297

0, 0
0.660024, 0.702216
0.688566, 0.725173

0, 0
0.65413, 0.702172
0.686247, 0.727369

0, 0
0.648289, 0.702167
0.68392, 0.729557

0, 0
0.642489, 0.702191
0.681586, 0.731738

0, 0
0.636722, 0.702239
0.679245, 0.733911

0, 0
0.630984, 0.702304
0.676898, 0.736077

0, 0
0.625269, 0.702384
0.674543, 0.738235

0, 0
0.619574, 0.702475
0.672182, 0.740386

0, 0
0.613895, 0.702575
0.669814, 0.742529

0, 0
0.608229, 0.702681
0.667439, 0.744665

0, 0
0.602576, 0.702792
0.665057, 0.746793

0, 0
0.596932, 0.702906
0.662668, 0.748913

0, 0
0.591296, 0.703023
0.660273, 0.751026

0, 0
0.585667, 0.70314
0.65787, 0.753131

0, 0
0.580044, 0.703257
0.655462, 0.755229

0, 0
0.574425, 0.703373
0.653046, 0.757318

0, 0
0.568809, 0.703488
0.650624, 0.7594

0, 0
0.563196, 0.7036
0.648195, 0.761474

0, 0
0.557586, 0.703709
0.645759, 0.763541

0, 0
0.551976, 0.703814
0.643317, 0.7656

0, 0
0.546367, 0.703915
0.640869, 0.767651

0, 0
0.540759, 0.704012
0.638414, 0.769694

0, 0
0.53515, 0.704103
0.635952, 0.771729

0, 0
0.52954, 0.704189
0.633484, 0.773756

0, 0
0.523929, 0.704268
0.631009, 0.775775

0, 0
0.518316, 0.704342
0.628528, 0.777787

0, 0
0.512701, 0.704408
0.62604, 0.779791

0, 0
0.507084, 0.704468
0.623547, 0.781786

0, 0
0.501465, 0.70452
0.621046, 0.783774

0, 0
0.495843, 0.704565
0.61854, 0.785753

0, 0
0.490218, 0.704601
0.616027, 0.787725

0, 0
0.484589, 0.70463
0.613508, 0.789689

0, 0
0.478957, 0.704649
0.610982, 0.791644

0, 0
0.473322, 0.70466
0.608451, 0.793592

0, 0
0.467682, 0.704662
0.605913, 0.795531

0, 0
0.462039, 0.704655
0.603369, 0.797462

0, 0
0.456391, 0.704638
0.600819, 0.799385

0, 0
0.450739, 0.704612
0.598262, 0.8013

0, 0
0.445082, 0.704576
0.5957, 0.803207

0, 0
0.439421, 0.704529
0.593131, 0.805106

0, 0
0.433756, 0.704472
0.590557, 0.806996

0, 0
0.428085, 0.704404
0.587976, 0.808878

0, 0
0.42241, 0.704326
0.58539, 0.810752

0, 0
0.41673, 0.704236
0.582797, 0.812618

0, 0
0.411045, 0.704135
0.580199, 0.814475

0, 0
0.405354, 0.704023
0.577594, 0.816324

0, 0
0.399659, 0.703899
0.574984, 0.818165

0, 0
0.393958, 0.703763
0.572368, 0.819997

0, 0
0.388252, 0.703615
0.569746, 0.821821

0, 0
0.38254, 0.703455
0.567118, 0.823637

0, 0
0.376823, 0.703282
0.564484, 0.825444

0, 0
0.371101, 0.703097
0.561845, 0.827243

0, 0
0.365374, 0.702899
0.5592, 0.829033

0, 0
0.35964, 0.702688
0.556549, 0.830815

0, 0
0.353902, 0.702464
0.553892, 0.832588

0, 0
0.348158, 0.702226
0.55123, 0.834353

0, 0
0.342408, 0.701975
0.548562, 0.83611

0, 0
0.336653, 0.70171
0.545889, 0.837857

0, 0
0.330892, 0.701431
0.54321, 0.839597

0, 0
0.325126, 0.701138
0.540526, 0.841328

0, 0
0.319354, 0.700831
0.537836, 0.84305

0, 0
0.313576, 0.700509
0.53514, 0.844763

0, 0
0.307794, 0.700172
0.532439, 0.846468

0, 0
0.302005, 0.699821
0.529733, 0.848165

0, 0
0.296211, 0.699455
0.527021, 0.849852

0, 0
0.290412, 0.699073
0.524304, 0.851531

0, 0
0.284607, 0.698676
0.521582, 0.853201

0, 0
0.278797, 0.698263
0.518854, 0.854863

0, 0
0.272982, 0.697835
0.516121, 0.856516

0, 0
0.267161, 0.69739
0.513382, 0.85816

0, 0
0.261335, 0.69693
0.510639, 0.859795

0, 0
0.255503, 0.696453
0.50789, 0.861422

0, 0
0.249667, 0.69596
0.505136, 0.86304

0, 0
0.243825, 0.69545
0.502377, 0.864649

0, 0
0.237979, 0.694923
0.499612, 0.866249

0, 0
0.232127, 0.694379
0.496843, 0.86784

0, 0
0.22627, 0.693818
0.494069, 0.869423

0, 0
0.220409, 0.69324
0.491289, 0.870997

0, 0
0.214542, 0.692644
0.488505, 0.872561

0, 0
0.208671, 0.69203
0.485715, 0.874117

0, 0
0.202796, 0.691398
0.482921, 0.875664

0, 0
0.196916, 0.690749
0.480121, 0.877202

0, 0
0.191031, 0.690081
0.477317, 0.878731

0, 0
0.185142, 0.689395
0.474508, 0.880251

0, 0
0.179249, 0.68869
0.471694, 0.881762

0, 0
0.173351, 0.687966
0.468875, 0.883264

0, 0
0.16745, 0.687224
0.466052, 0.884758

0, 0
0.161544, 0.686462
0.463223, 0.886242

0, 0
0.155635, 0.685681
0.46039, 0.887717

0, 0
0.149721, 0.684881
0.457552, 0.889183

0, 0
0.143805, 0.684061
0.45471, 0.89064

0, 0
0.137884, 0.683222
0.451863, 0.892087

0, 0
0.131961, 0.682363
0.449011, 0.893526

0, 0
0.126034, 0.681483
0.446155, 0.894956

0, 0
0.120104, 0.680583
0.443294, 0.896376

0, 0
0.114171, 0.679663
0.440429, 0.897787

0, 0
0.108235, 0.678723
0.437559, 0.89919

0, 0
0.102296, 0.677761
0.434685, 0.900583

0, 0
0.096355, 0.676779
0.431806, 0.901966

0, 0
0.0904114, 0.675776
0.428923, 0.903341

0, 0
0.0844656, 0.674752
0.426036, 0.904706

0, 0
0.0785176, 0.673707
0.423144, 0.906063

0, 0
0.0725678, 0.67264
0.420248, 0.90741

0, 0
0.0666161, 0.671551
0.417347, 0.908747

0, 0
0.0606628, 0.670441
0.414442, 0.910076

0, 0
0.054708, 0.669309
0.411533, 0.911395

0, 0
0.048752, 0.668155
0.40862, 0.912704

0, 0
0.0427949, 0.666979
0.405703, 0.914005

0, 0
0.0368369, 0.665781
0.402782, 0.915296

0, 0
0.0308782, 0.664561
0.399856, 0.916578

0, 0
0.0249189, 0.663318
0.396926, 0.91785

0, 0
0.0189592, 0.662052
0.393993, 0.919114

0, 0
0.0129994, 0.660764
0.391055, 0.920367

0, 0
0.00703961, 0.659453
0.388113, 0.921612

0, 0
0.00108006, 0.65812
0.385168, 0.922847

0, 0
-0.00487906, 0.656763
0.382218, 0.924072

0, 0
-0.0108375, 0.655383
0.379265, 0.925288

0, 0
-0.0167952, 0.65398
0.376307, 0.926495

0, 0
-0.0227518, 0.652553
0.373346, 0.927692

0, 0
-0.0287071, 0.651103
0.370381, 0.92888

0, 0
-0.0346609, 0.64963
0.367412, 0.930058

0, 0
-0.0406131, 0.648133
0.36444, 0.931227

0, 0
-0.0465633, 0.646613
0.361464, 0.932386

0, 0
-0.0525114, 0.645069
0.358484, 0.933536

0, 0
-0.0584571, 0.643501
0.3555, 0.934676

0, 0
-0.0644003, 0.641909
0.352513, 0.935807

0, 0
-0.0703406, 0.640294
0.349522, 0.936928

0, 0
-0.0762779, 0.638654
0.346528, 0.93804

0, 0
-0.0822119, 0.636991
0.34353, 0.939142

0, 0
-0.0881425, 0.635304
0.340529, 0.940234

0, 0
-0.0940692, 0.633592
0.337524, 0.941317

0, 0
-0.099992, 0.631857
0.334515, 0.94239

0, 0
-0.105911, 0.630097
0.331504, 0.943454

0, 0
-0.111825, 0.628313
0.328489, 0.944508

0, 0
-0.117734, 0.626505
0.32547, 0.945552

0, 0
-0.123639, 0.624673
0.322448, 0.946587

0, 0
-0.129538, 0.622816
0.319423, 0.947612

0, 0
-0.135432, 0.620936
0.316395, 0.948628

0, 0
-0.14132, 0.619031
0.313363, 0.949633

0, 0
-0.147203, 0.617102
0.310329, 0.950629

0, 0
-0.153079, 0.615149
0.307291, 0.951616

0, 0
-0.158949, 0.613171
0.30425, 0.952592

0, 0
-0.164812, 0.61117
0.301205, 0.953559

0, 0
-0.170668, 0.609144
0.298158, 0.954516

0, 0
-0.176518, 0.607094
0.295108, 0.955464

0, 0
-0.18236, 0.60502
0.292055, 0.956402

0, 0
-0.188194, 0.602923
0.288998, 0.95733

0, 0
-0.194021, 0.600801
0.285939, 0.958248

0, 0
-0.199839, 0.598655
0.282877, 0.959156

0, 0
-0.205649, 0.596486
0.279812, 0.960055

0, 0
-0.211451, 0.594292
0.276744, 0.960944

0, 0
-0.217244, 0.592075
0.273673, 0.961823

0, 0
-0.223027, 0.589835
0.2706, 0.962692

0, 0
-0.228802, 0.587571
0.267524, 0.963551

0, 0
-0.234567, 0.585283
0.264445, 0.964401

0, 0
-0.240323, 0.582972
0.261363, 0.965241

0, 0
-0.246068, 0.580637
0.258279, 0.96607

0, 0
-0.251803, 0.57828
0.255192, 0.96689

0, 0
-0.257528, 0.575899
0.252102, 0.967701

0, 0
-0.263243, 0.573495
0.24901, 0.968501

0, 0
-0.268946, 0.571069
0.245915, 0.969291

0, 0
-0.274639, 0.56862
0.242818, 0.970072

0, 0
-0.28032, 0.566148
0.239718, 0.970842

0, 0
-0.28599, 0.563653
0.236616, 0.971603

0, 0
-0.291648, 0.561136
0.233512, 0.972354

0, 0
-0.297294, 0.558597
0.230405, 0.973095

0, 0
-0.302928, 0.556036
0.227295, 0.973826

0, 0
-0.30855, 0.553453
0.224184, 0.974547

0, 0
-0.31416, 0.550848
0.22107, 0.975258

0, 0
-0.319756, 0.548222
0.217954, 0.975959

0, 0
-0.32534, 0.545574
0.214835, 0.97665

0, 0
-0.330911, 0.542904
0.211715, 0.977331

0, 0
-0.336469, 0.540214
0.208592, 0.978003

0, 0
-0.342013, 0.537502
0.205467, 0.978664

0, 0
-0.347544, 0.53477
0.20234, 0.979315

0, 0
-0.353061, 0.532017
0.199211, 0.979957

0, 0
-0.358564, 0.529243
0.19608, 0.980588

0, 0
-0.364054, 0.526449
0.192947, 0.981209

0, 0
-0.369528, 0.523635
0.189812, 0.98182

0, 0
-0.374989, 0.520801
0.186675, 0.982422

0, 0
-0.380435, 0.517947
0.183537, 0.983013

0, 0
-0.385866, 0.515074
0.180396, 0.983594

0, 0
-0.391283, 0.512182
0.177253, 0.984165

0, 0
-0.396685, 0.50927
0.174109, 0.984726

0, 0
-0.402071, 0.506339
0.170963, 0.985277

0, 0
-0.407443, 0.503389
0.167815, 0.985819

0, 0
-0.412799, 0.500421
0.164665, 0.986349

0, 0
-0.418139, 0.497435
0.161514, 0.98687

0, 0
-0.423464, 0.49443
0.158361, 0.987381

0, 0
-0.428774, 0.491407
0.155207, 0.987882

0, 0
-0.434067, 0.488367
0.152051, 0.988373

0, 0
-0.439345, 0.485309
0.148893, 0.988853

0, 0
-0.444607, 0.482234
0.145734, 0.989324

0, 0
-0.449853, 0.479141
0.142573, 0.989784

0, 0
-0.455082, 0.476032
0.139411, 0.990235

0, 0
-0.460296, 0.472906
0.136247, 0.990675

0, 0
-0.465492, 0.469763
0.133082, 0.991105

0, 0
-0.470673, 0.466604
0.129916, 0.991525

0, 0
-0.475837, 0.463429
0.126748, 0.991935

0, 0
-0.480985, 0.460239
0.123579, 0.992335

0, 0
-0.486116, 0.457032
0.120409, 0.992724

0, 0
-0.49123, 0.453811
0.117238, 0.993104

0, 0
-0.496327, 0.450574
0.114065, 0.993473

0, 0
-0.501408, 0.447322
0.110892, 0.993833

0, 0
-0.506472, 0.444055
0.107717, 0.994182

0, 0
-0.511519, 0.440774
0.104541, 0.994521

0, 0
-0.516549, 0.437478
0.101364, 0.994849

0, 0
-0.521562, 0.434168
0.0981854, 0.995168

0, 0
-0.526559, 0.430844
0.0950063, 0.995477

0, 0
-0.531538, 0.427507
0.0918263, 0.995775

0, 0
-0.5365, 0.424156
0.0886453, 0.996063

0, 0
-0.541445, 0.420792
0.0854633, 0.996341

0, 0
-0.546373, 0.417415
0.0822806, 0.996609

0, 0
-0.551284, 0.414025
0.0790969, 0.996867

0, 0
-0.556177, 0.410622
0.0759125, 0.997114

0, 0
-0.561054, 0.407207
0.0727273, 0.997352

0, 0
-0.565913, 0.40378
0.0695414, 0.997579

0, 0
-0.570756, 0.40034
0.0663547, 0.997796

0, 0
-0.575581, 0.396889
0.0631674, 0.998003

0, 0
-0.580389, 0.393426
0.0599794, 0.9982

0, 0
-0.58518, 0.389952
0.0567908, 0.998386

0, 0
-0.589954, 0.386466
0.0536016, 0.998562

0, 0
-0.594711, 0.38297
0.0504119, 0.998729

0, 0
-0.59945, 0.379462
0.0472217, 0.998884

0, 0
-0.604173, 0.375944
0.044031, 0.99903

0, 0
-0.608878, 0.372416
0.0408398, 0.999166

0, 0
-0.613567, 0.368877
0.0376482, 0.999291

0, 0
-0.618238, 0.365329
0.0344563, 0.999406

0, 0
-0.622893, 0.36177
0.031264, 0.999511

0, 0
-0.62753, 0.358202
0.0280713, 0.999606

0, 0
-0.632151, 0.354624
0.0248784, 0.99969

0, 0
-0.636755, 0.351037
0.0216852, 0.999765

0, 0
-0.641342, 0.347441
0.0184918, 0.999829

0, 0
-0.645912, 0.343836
0.0152983, 0.999883

0, 0
-0.650466, 0.340222
0.0121045, 0.999927

0, 0
-0.655002, 0.3366
0.00891065, 0.99996

0, 0
-0.659522, 0.332969
0.0057167, 0.999984

0, 0
-0.664026, 0.32933
0.00252268, 0.999997

0, 0
-0.668513, 0.325683
-0.000671353, 1

0, 0
-0.672983, 0.322028
-0.00386538, 0.999993

0, 0
-0.677437, 0.318365
-0.00705937, 0.999975

0, 0
-0.681874, 0.314694
-0.0102533, 0.999947

0, 0
-0.686295, 0.311017
-0.0134471, 0.99991

0, 0
-0.6907, 0.307332
-0.0166408, 0.999862

0, 0
-0.695089, 0.303639
-0.0198343, 0.999803

0, 0
-0.699461, 0.29994
-0.0230276, 0.999735

